200
-15.95391381 65.46165134 -36.23005374
7.16483498 28.62556987 23.26390571
17.64918693 -72.38922961 18.57013781
56.07404972 -71.37361838 -52.24451349
20.51587936 10.29943516 -7.01079385
93.88746573 49.17992525 6.55698759
70.91426920 -56.53579990 -26.67260449
84.73574240 3.52088314 -36.14733285
125.37393079 -28.20056207 15.88759647
73.95394936 -65.71514112 -75.40647364
4.65084951 49.04645624 22.15233264
-11.87271085 107.83952079 25.78741275
45.38322259 15.56179369 40.09667423
37.37558038 24.02067750 -7.83991159
113.66294835 -45.83640560 -27.63688797
-7.52068682 -33.57828023 -1.25239127
26.58402513 -39.30331291 25.84956549
61.02423317 -79.86348352 -17.35994655
-23.45289431 23.28089657 -7.02724876
-2.07430516 -37.75216101 29.49485486
-29.90707762 74.15900510 13.29291041
-4.00504542 -16.36220934 27.25468967
63.45278521 143.31222324 28.98181916
39.44681289 -10.60680221 134.53175283
31.71192211 8.45448003 55.47318522
29.15308024 -85.51655955 5.69815679
58.65052541 4.76724436 145.86121796
118.11812694 -56.38959137 -22.50534863
65.30259145 66.16294520 -10.02116881
62.40423158 -28.38142259 30.06517959
28.07033882 99.98429707 46.60977947
73.75354185 74.66189716 45.19201822
76.84587269 -32.86896494 -60.88731001
7.67883917 45.59646690 12.53289112
81.29414608 24.37449627 45.21502735
65.09312076 -26.21792232 44.03860221
16.46643154 35.93754883 12.59942778
41.42840066 -26.36357621 -7.42477066
27.92113846 -93.46857212 81.18707098
-16.74287767 -50.41279706 -36.29539891
28.22349813 24.90719949 -54.91603954
23.84353552 8.22229836 11.44245501
-7.54855850 56.55722126 7.33056425
38.11009175 8.02163118 12.47790398
84.68650209 -50.48297044 3.28916731
31.11770687 -6.14531293 -29.48754626
-3.40280637 14.18764393 16.21193747
27.02631366 -64.75850522 65.99420817
-15.83984557 -38.82083988 20.81198649
-4.91153969 -134.06463752 3.50659603
-35.13890580 18.77408956 94.35853316
25.76596515 164.71906749 4.60284787
-73.07057710 116.92333033 61.35838855
-61.22105577 -57.21023362 74.98732319
29.96787940 -31.13171542 80.26346459
65.46705067 58.51756658 80.18569677
-37.17701842 -41.25910059 109.86258767
-59.73973624 -35.55676865 66.95400932
-62.34001370 -22.24509673 12.12237947
-36.54403141 -68.93900451 -29.00208057
-58.89690393 24.41205971 -4.26363957
-4.50655704 39.13283994 42.97677263
-75.39320114 14.60429369 12.42547313
33.12454800 35.87514423 49.40139813
-34.05464196 -6.76356083 -26.73104418
-28.72592456 -116.78982951 40.11655221
-121.51877976 -32.45023511 58.46515221
60.63757544 34.30175813 80.46111947
-0.79079949 -77.12112189 -122.51587274
77.74410086 -9.57853096 46.05568611
-1.83431979 144.37048970 18.10704861
-44.46904144 104.32550899 56.31584661
-52.95620289 40.58196014 27.98722507
-135.37635606 -8.13269340 -77.74590194
-74.58863308 -92.21174504 14.38467990
2.72000373 -39.37203514 -42.11990866
-23.67597303 -63.61966828 48.00818636
-67.02497275 -118.27877014 88.36570730
-60.31159612 -129.70161678 14.40494639
-115.05567951 -165.37625627 35.91187532
-3.82288934 80.76986188 41.00175414
-28.24821508 47.58870984 89.66850477
-125.98240001 52.18502582 23.97573517
-17.31125544 43.69425500 -39.56450571
-91.25234545 67.82607692 89.99152731
-43.83904602 62.21514108 95.43811113
1.22773610 -67.24024584 15.13385155
-3.18303829 -51.50202514 35.64471264
-23.69117762 -52.99592881 -19.25540782
39.18913627 -131.02341943 -13.82411738
99.65502149 27.99965437 116.97526488
8.63650950 0.97540829 39.12862377
-95.54161632 38.10042094 -47.71773577
-68.60129919 -1.77590367 64.49921839
-154.23718927 -28.27701234 37.26258333
-44.98116392 -77.65549695 15.81937806
-87.26473112 -48.36400155 64.63549392
-37.57349411 -51.66494356 64.47803855
-5.84670702 -77.99068064 56.31691506
50.53863625 -19.11369062 63.34565620
77.49956943 81.50413133 15.93112178
-62.37845132 134.60412095 -1.92434962
30.27393990 68.32052627 9.74750861
-21.89223641 31.79658223 -11.38760356
-24.05406128 -38.99771595 44.55454058
-38.65798500 -100.33926878 39.63739708
-66.41546170 17.57064429 0.37323934
63.87247212 1.45912515 -28.44872873
34.21214606 -32.77070731 38.45234103
17.33601371 104.99130065 -26.04442194
-4.01044612 91.00107207 28.62506376
54.73147162 65.77896129 -41.62389415
63.74173898 -8.34018665 -83.66059656
59.53603892 57.85286734 0.61216293
-63.53763283 -0.62515706 19.68519909
-92.29981242 -129.15984017 35.96637341
-17.09295771 -47.22791082 -17.29062726
-51.52810157 -69.50579863 68.78298802
15.06822810 -77.07263724 -7.66491192
-3.98256964 -58.20148917 -47.51106857
13.10701929 47.47909965 -59.35353414
37.38124232 88.33093324 4.60555511
-68.37859513 19.70970914 -18.64672310
22.07955081 27.77166069 -49.18116579
-6.22178867 -9.69675665 -65.38258763
-24.04118410 -1.03493474 23.40066518
-28.49092907 29.04472577 34.61087113
-81.33722794 -44.97414996 65.69631248
23.47910383 -37.01149024 -0.79969226
-25.14999897 -56.18247975 39.64990026
-54.86818684 107.85227378 -28.25904143
-22.69277403 65.23047606 25.31740733
-7.57556392 102.02095807 -14.47755897
27.39211748 20.87809170 19.11961808
-102.22908884 26.04668741 -26.52929176
74.44713680 -14.89439955 -106.36745896
-77.08317223 -90.30907638 -113.45772412
30.45310634 -9.78983448 8.21158745
48.17605273 -20.44760609 58.90897479
24.31601584 -53.74058246 61.69953287
74.17417867 111.55842767 58.21799104
72.16969117 37.00820833 -120.04729715
14.31648605 32.62302497 -17.70665526
60.15545615 -20.00984554 -12.50126181
25.55162438 20.94096059 34.19893211
-28.14988181 25.85366636 -17.98987023
115.77901924 98.86906293 -105.63320703
-5.03143075 -12.34065005 80.95670642
29.02819809 -76.30269911 11.43904297
33.82248442 -94.86571242 -71.73188933
-16.69616822 48.30117693 8.59699001
-76.39104117 -56.68921379 11.75079229
30.49399236 -0.97747825 54.23117015
-55.53247877 100.35378555 -31.83136408
51.82340826 63.86332833 -2.36253694
39.96808554 49.39686771 -168.49606212
5.49089600 -3.26364680 -50.79361160
-88.23378386 9.68635461 9.25465496
88.38528318 -50.01857261 -27.15123420
30.28447452 -78.45111138 -104.70634684
-38.82001217 18.31318371 26.78052485
29.50811655 84.94988761 -57.06234125
26.34100251 48.69143420 -3.24846218
-2.48666142 -74.06159625 -4.51192352
-2.51774262 41.62033047 -51.60536256
45.38567160 -0.46677274 -162.99620562
-9.80940675 -30.67916814 -64.62427299
36.13042215 4.59828824 12.15874130
10.19260094 -34.36097591 9.60469833
26.95523228 -155.07215084 32.40630452
-114.28707287 52.21288761 23.70862205
4.20399173 79.02275349 -26.76752382
80.02819801 40.88643237 33.70515623
82.97059586 75.22491983 -44.89179251
45.65325234 -6.84778609 42.24070561
-55.16618115 6.60665482 -117.70131503
123.47997707 -14.29488182 41.96833619
25.37085338 -60.55913388 -109.31506831
39.77644474 0.81193143 -19.50916259
-40.86359059 -95.73978989 67.40806733
46.37035470 66.71330184 -30.71273599
-0.59655170 65.12355476 -7.40594392
64.07887633 68.19440041 54.49508350
14.95373703 85.99011851 -17.28796650
-15.91600239 91.68780021 -30.84639191
-10.51699205 18.33358709 -6.16311609
15.84853744 -67.15665691 -32.41238110
156.78943449 -34.15617065 75.60518711
4.16690320 -16.07666894 -23.55418521
1.26571806 -36.68335217 -14.91736799
25.76544698 68.28781965 -52.09308428
31.08596181 20.13398548 66.04725479
-57.08740333 7.84449448 35.26758057
-58.65789281 -19.18659829 14.56199609
6.09484896 35.09342319 -57.55616437
69.65633424 14.69381224 -14.92770594
-22.39732855 -10.44771512 44.95658696
119.82809428 -31.19784678 50.38104041
-42.07028847 -37.76574145 -56.02754463
-11.93195640 -132.97057372 -54.02347623
5
0
1000 960 540
0.46624007 -0.83609167 0.28908635
-0.22968087 -0.42997490 -0.87313704
-0.85432247 -0.34069387 0.39250579
3.80768194 -4.68917019 210.23001509
960.00000000 790.00000000 592.55385085 553.14249011
960.00000000 796.88840770 910.56156873 348.56007702
960.00000000 768.17872510 1303.14261656 567.16131279
960.00000000 699.54181652 1408.57118642 893.55094485
960.00000000 597.59107992 974.66948846 498.65531567
960.00000000 482.40892008 1032.15573987 81.38956438
960.00000000 380.45818348 1442.38987464 708.02086523
960.00000000 311.82127490 1204.35448942 588.15268769
960.00000000 283.11159230 1720.17273950 243.84583026
960.00000000 290.00000000 1470.81583687 1057.88239070
960.00000000 790.00000000 815.59400436 307.01103029
929.79371329 795.59355199 524.20753816 174.34946241
898.46983782 765.83588451 1089.45678585 227.65461636
871.59793002 697.18830408 953.31755456 439.68410610
855.79235725 596.58961826 1699.10529316 650.64131370
855.79235725 483.41038174 1083.08120693 595.22550080
871.59793002 382.81169592 1227.87377083 461.98349863
898.46983782 314.16411549 1486.71798643 712.51109289
929.79371329 284.40644801 829.64247814 525.53151356
960.00000000 290.00000000 1141.57337382 481.91653649
960.00000000 790.00000000 643.41730039 348.49819903
903.68160911 791.92169434 1062.20621252 450.70505705
846.96348372 759.32413900 301.72674087 -355.57302655
799.61697670 690.75751407 1260.32005228 -3.69821002
772.31464108 593.88034467 1096.41904612 223.00057831
772.31464108 486.11965533 1377.85360382 634.18578420
799.61697670 389.24248593 1281.35943961 -143.96841105
846.96348372 320.67586100 1791.43133994 640.90229745
903.68160911 288.07830566 772.75551258 232.21106205
960.00000000 290.00000000 1326.19265203 354.61661474
960.00000000 790.00000000 647.78299778 -16.21862026
884.90614955 786.44878146 879.97493870 -127.92709810
812.50629433 749.96559010 1335.46747571 880.89408656
754.40164623 681.79051357 819.56370446 348.33857791
721.81392593 590.16759794 1189.00850309 51.91934303
721.81392593 489.83240206 1340.49832749 281.10136989
754.40164623 398.20948643 881.00257981 355.08142328
812.50629433 330.03440990 1197.80084059 559.97760153
884.90614955 293.55121854 1433.61134317 372.85643374
960.00000000 290.00000000 1081.59645872 770.90982219
960.00000000 790.00000000 833.56551893 707.02085541
875.33424046 779.95997393 1019.29398440 416.31531738
797.82268657 739.37625634 735.92404989 371.87077647
738.33750906 672.01657077 1062.74061885 385.49099174
705.97899964 586.20460464 1512.86043560 506.07085698
705.97899964 493.79539536 1045.72097335 635.04020714
738.33750906 407.98342923 936.92067437 427.43862285
797.82268657 340.62374366 1341.23320196 366.99751948
875.33424046 300.04002607 1102.34439504 529.67686767
960.00000000 290.00000000 1398.36199426 735.12815976
960.00000000 790.00000000 956.32847454 218.54573892
875.38447321 773.27600501 59.59735876 -98.14510412
801.94933009 729.00299473 530.72928182 182.84509572
748.02305381 662.80438618 1103.75926891 438.85235336
719.52804831 582.54701281 1255.54788397 238.91525111
719.52804831 497.45298719 1011.77128769 -152.84908087
748.02305381 417.19561382 1136.25597908 291.52877706
801.94933009 350.99700527 1043.55723941 426.07251893
875.38447321 306.72399499 948.56386442 571.21349355
960.00000000 290.00000000 1102.07864740 771.38709545
960.00000000 790.00000000 779.21958195 548.23962411
884.29694049 767.12219338 874.58318416 273.45365536
821.76152404 719.89844819 814.44047977 523.60388884
777.59311455 654.99861522 978.70997314 165.29204988
754.82615438 579.50506492 898.81270005 667.11378402
754.82615438 500.49493508 1303.28739026 598.89656773
777.59311455 425.00138478 934.66915496 500.13807119
821.76152404 360.10155181 1109.50646860 -41.08087858
884.29694049 312.87780662 1131.88257426 1257.24700142
960.00000000 290.00000000 1331.64378969 184.93365402
960.00000000 790.00000000 297.01816976 55.94152142
900.53554578 762.06325345 585.73341841 163.03657592
853.37607955 712.71348452 775.05765098 403.78522070
821.08151818 649.01456607 708.48805197 867.97957347
804.75083969 577.20772874 1121.68798740 667.10440145
804.75083969 502.79227126 1086.07294777 776.30092213
821.08151818 430.98543393 1180.82968743 489.02074228
853.37607955 367.28651548 1243.22083980 494.46841746
900.53554578 317.93674655 1243.36084950 708.01832427
960.00000000 290.00000000 1220.75227759 702.25482403
960.00000000 790.00000000 694.48690199 172.10921321
922.15037175 758.49263275 868.30953568 157.29730562
892.98751598 707.79662993 663.93085041 478.20250114
873.43697528 645.00569255 691.59057332 617.30938731
863.67738599 575.68519536 728.87293188 235.51358145
863.67738599 504.31480464 804.43983755 143.32218275
873.43697528 434.99430745 1232.96647865 585.06386612
892.98751598 372.20337007 1187.77710652 487.08817873
922.15037175 321.50736725 1090.74331952 707.45734324
960.00000000 290.00000000 1550.98382183 793.36305264
960.00000000 790.00000000 1335.78361991 -337.90641676
947.02097022 756.65105270 1044.13161192 350.64197060
937.16899270 705.30880463 627.92287255 703.51299318
930.63518459 643.00328860 932.70200161 389.07729367
927.39453621 574.92959869 868.01673277 568.28396544
927.39453621 505.07040131 1146.03414365 629.64588100
930.63518459 436.99671140 1028.09964974 477.89147527
937.16899270 374.69119537 1128.72034750 434.32474373
947.02097022 323.34894730 1272.88108749 468.06140208
960.00000000 290.00000000 1270.76065920 220.55121391
960.00000000 790.00000000 767.36889506 -43.19118128
972.97902978 756.65105270 322.06206154 325.35427518
982.83100730 705.30880463 739.39210198 239.66786628
989.36481541 643.00328860 790.19173877 524.13271074
992.60546379 574.92959869 1105.58549835 458.56908413
992.60546379 505.07040131 1236.91275020 583.42780917
989.36481541 436.99671140 800.15411905 550.27978567
982.83100730 374.69119537 1127.66435694 573.70022681
972.97902978 323.34894730 1241.16519833 385.45630192
960.00000000 290.00000000 401.72727961 332.04429300
960.00000000 790.00000000 620.25646311 189.85069395
997.84962825 758.49263275 657.69586779 466.23783879
1027.01248402 707.79662993 1089.70975277 995.59412837
1046.56302472 645.00569255 841.14441752 227.10422658
1056.32261401 575.68519536 888.05060575 514.25276050
1056.32261401 504.31480464 1187.99415579 657.05554793
1046.56302472 434.99430745 1089.52546097 687.95069623
1027.01248402 372.20337007 1149.48854897 464.48952059
997.84962825 321.50736725 1291.16453052 683.61207778
960.00000000 290.00000000 1131.67414435 832.04201724
960.00000000 790.00000000 665.83798298 688.59208784
1019.46445422 762.06325345 618.11861109 171.51173003
1066.62392045 712.71348452 763.84856429 613.92597914
1098.91848182 649.01456607 816.48832034 670.62836850
1115.24916031 577.20772874 908.82133702 840.21416309
1115.24916031 502.79227126 960.95224983 460.29193119
1098.91848182 430.98543393 860.30031377 368.53238323
1066.62392045 367.28651548 1030.06716235 465.09450555
1019.46445422 317.93674655 1184.57191054 572.25405472
960.00000000 290.00000000 1149.61669582 504.80956914
960.00000000 790.00000000 386.01182407 474.11937683
1035.70305951 767.12219338 711.56583022 311.63770398
1098.23847596 719.89844819 453.88571883 346.11332174
1142.40688545 654.99861522 984.83821769 344.23165458
1165.17384562 579.50506492 696.58779076 650.51892400
1165.17384562 500.49493508 1143.91195160 1244.75126295
1142.40688545 425.00138478 1000.31736495 1115.29279543
1098.23847596 360.10155181 1109.73500405 463.23742877
1035.70305951 312.87780662 1263.24841638 246.77968986
960.00000000 290.00000000 1295.85820416 363.09404656
960.00000000 790.00000000 671.07857684 -375.11478226
1044.61552679 773.27600501 642.70743689 1301.31620074
1118.05066991 729.00299473 838.22253601 503.63047884
1171.97694619 662.80438618 1239.75845025 546.30375825
1200.47195169 582.54701281 1001.59831293 286.14795043
1200.47195169 497.45298719 794.56060274 569.15397683
1171.97694619 417.19561382 -571.92322164 1049.78169200
1118.05066991 350.99700527 1100.44702418 264.90521310
1044.61552679 306.72399499 1351.09925073 593.09464741
960.00000000 290.00000000 1381.33116314 1030.37330322
960.00000000 790.00000000 761.92418393 402.21703901
1044.66575954 779.95997393 1023.40786823 630.07885559
1122.17731343 739.37625634 1127.73758569 255.13724500
1181.66249094 672.01657077 414.04309797 505.44418566
1214.02100036 586.20460464 777.76668283 246.92717004
1214.02100036 493.79539536 234.39663160 1742.88097414
1181.66249094 407.98342923 930.07578285 753.17478351
1122.17731343 340.62374366 810.48139609 551.64909128
1044.66575954 300.04002607 1519.78024306 683.32570444
960.00000000 290.00000000 1273.26263967 1207.75624508
960.00000000 790.00000000 871.73080562 430.86064149
1035.09385045 786.44878146 436.69377792 553.69154340
1107.49370567 749.96559010 809.52127835 370.22176835
1165.59835377 681.79051357 1228.28672257 674.28329644
1198.18607407 590.16759794 695.40812821 669.54486803
1198.18607407 489.83240206 757.82794801 1723.64545669
1165.59835377 398.20948643 990.45080782 869.80805020
1107.49370567 330.03440990 1071.31953438 399.88274163
1035.09385045 293.55121854 1144.63423950 537.04110528
960.00000000 290.00000000 1574.82091524 648.80851377
960.00000000 790.00000000 671.81456130 467.88313032
1016.31839089 791.92169434 557.89107409 443.90118128
1073.03651628 759.32413900 1078.15634281 43.54522419
1120.38302330 690.75751407 612.63753258 364.19849817
1147.68535892 593.88034467 1186.30490903 281.70420617
1147.68535892 486.11965533 665.79441249 1056.53777430
1120.38302330 389.24248593 1637.84285107 35.97733621
1073.03651628 320.67586100 1168.49163209 1207.36390295
1016.31839089 288.07830566 1055.26462643 556.99206952
960.00000000 290.00000000 1237.07034802 497.28584853
960.00000000 790.00000000 671.18774336 413.31193501
990.20628671 795.59355199 674.18296102 399.47824852
1021.53016218 765.83588451 910.67004904 -86.84868217
1048.40206998 697.18830408 550.30495694 354.07900176
1064.20764275 596.58961826 465.82662713 465.06813603
1064.20764275 483.41038174 873.53114366 517.31958203
1048.40206998 382.81169592 1240.28325309 776.14845232
1021.53016218 314.16411549 2042.74065978 -242.59477429
990.20628671 284.40644801 1021.02858572 647.60044461
960.00000000 290.00000000 1102.52680500 650.37489957
960.00000000 790.00000000 570.16334399 578.16696123
960.00000000 796.88840770 1061.41566339 154.50332250
960.00000000 768.17872510 889.03724882 444.71356767
960.00000000 699.54181652 947.93247583 555.84240414
960.00000000 597.59107992 729.28881386 710.55843819
960.00000000 482.40892008 1100.74135477 440.09752082
960.00000000 380.45818348 1020.24962379 403.08826901
960.00000000 311.82127490 1685.61594225 85.88623824
960.00000000 283.11159230 958.19297706 835.85528116
960.00000000 290.00000000 1343.61726788 958.75779698
1
1000 960 540
-0.99268898 0.08262867 0.08798343
0.10071097 0.96880225 0.22644978
0.06652730 -0.23365510 0.97004093
-3.65046463 2.21752605 215.48596878
960.00000000 790.00000000 1047.86302014 880.43397055
1024.35198851 790.04092738 932.60715365 695.01881713
1088.19686212 756.06223424 858.57156701 293.84102099
1140.76734354 687.59591794 583.09141896 145.25167957
1170.78723291 592.56274913 845.46643651 601.03836411
1170.78723291 487.43725087 534.28291613 820.71590940
1140.76734354 392.40408206 569.40310840 292.08331399
1088.19686212 323.93776576 470.59150190 572.26599603
1024.35198851 289.95907262 435.07877936 503.88131430
960.00000000 290.00000000 411.90064503 102.91838687
960.00000000 790.00000000 949.96727913 784.52052505
1000.67830339 794.47082893 1050.04061586 1059.01830645
1042.48591080 763.82432612 787.05148283 661.94099773
1078.05055102 695.18453272 767.29261282 674.19752235
1098.84059102 595.74119389 367.09249489 361.21097462
1098.84059102 484.25880611 964.19878486 398.52043388
1078.05055102 384.81546728 836.69277649 431.34290886
1042.48591080 316.17567388 633.14393467 210.50219160
1000.67830339 285.52917107 1063.81527631 643.23251580
960.00000000 290.00000000 951.63036756 429.68021469
960.00000000 790.00000000 1119.45011204 894.25212517
971.55692996 796.70408807 965.58607142 507.95776852
983.64800002 767.84371788 716.23360106 1258.55685080
994.10816483 699.20397152 869.28607643 615.13472991
1000.29882087 597.44699047 850.32003943 637.10770186
1000.29882087 482.55300953 798.82396485 225.49217905
994.10816483 380.79602848 824.78708432 667.23026977
983.64800002 312.15628212 365.90934918 327.53708638
971.55692996 283.29591193 631.76815358 902.82398277
960.00000000 290.00000000 704.36263667 492.29514778
960.00000000 790.00000000 879.93007754 1010.15873118
940.85052697 796.37822291 689.64613816 913.65091540
920.86797128 767.25267670 439.90758091 329.17549720
903.62348000 698.60899411 930.56142522 769.89797451
893.43625225 597.19350483 657.52864714 710.84008289
893.43625225 482.80649517 712.25575830 515.23154727
903.62348000 381.39100589 887.77661293 728.49448621
920.86797128 312.74732330 740.81177534 444.08547862
940.85052697 283.62177709 859.51635060 328.83195547
960.00000000 290.00000000 989.38605193 243.95513638
960.00000000 790.00000000 742.39339028 645.85732862
912.76141393 793.54705864 846.70294654 607.07495418
864.56745168 762.18285631 1003.85833515 817.24106383
823.85124163 693.56088722 785.97558058 612.95746793
800.16840722 595.05654487 572.03989976 381.52553311
800.16840722 484.94345513 762.28332052 501.76426761
823.85124163 386.43911278 970.21717140 624.73214710
864.56745168 317.81714369 858.71646385 395.43257418
912.76141393 286.45294136 1003.89557130 407.55965267
960.00000000 290.00000000 921.80695530 30.30615861
960.00000000 790.00000000 1096.81561404 667.32388101
890.93585787 788.66483118 876.95184448 1443.13962761
823.16310906 753.70627848 1305.70396346 1042.53720776
767.90849386 685.33665083 1158.28305668 397.51392836
736.57596259 591.62692759 864.46608105 517.69685651
736.57596259 488.37307241 760.14691100 834.63014861
767.90849386 394.66334917 1080.01439738 489.51721749
823.16310906 326.29372152 1165.80047745 458.93508393
890.93585787 291.33516882 1211.70121960 439.83691030
960.00000000 290.00000000 1081.26751289 167.82267206
960.00000000 790.00000000 1239.87142465 634.04216474
877.78900815 782.45921482 991.63858335 739.44040376
801.00878906 743.39218490 1295.40747364 592.88194566
741.07480987 675.67810928 846.39670699 740.19695636
708.09597326 587.67915562 1104.24933877 466.83908230
708.09597326 492.32084438 1026.99897031 165.64140304
741.07480987 404.32189072 1399.61602672 436.13744094
801.00878906 336.60781510 773.74519209 746.44177649
877.78900815 297.54078518 785.34131122 -335.34199718
960.00000000 290.00000000 670.11358614 581.84595332
960.00000000 790.00000000 1018.69961663 1272.94576835
874.26506229 775.75619817 1182.70611449 999.52088435
798.36699988 732.79139901 1198.35882673 725.24557756
741.72567131 666.12848663 1886.75064115 262.47321939
711.47986204 583.85827113 1220.29705121 168.60460657
711.47986204 496.14172887 887.66798787 294.41170782
741.72567131 413.87151337 1028.34869757 355.03138249
798.36699988 347.20860099 1147.69855071 234.46196775
874.26506229 304.24380183 1142.87418206 46.35959566
960.00000000 290.00000000 1315.69073913 -33.94080533
960.00000000 790.00000000 1004.15252631 918.46248761
880.00140424 769.32808112 1085.10045364 767.25050754
812.73611152 723.11481188 1545.93297992 748.62734271
764.56761033 657.72715709 1042.43715166 744.20322896
739.52195209 580.56251434 1317.67247169 821.68929652
739.52195209 499.43748566 1143.77045121 814.20997010
764.56761033 422.27284291 923.02772453 298.60106566
812.73611152 356.88518812 953.85188573 387.54140458
880.00140424 310.67191888 1026.44234136 270.88824440
960.00000000 290.00000000 727.97167392 13.42416273
960.00000000 790.00000000 686.56735689 740.18287697
893.70566967 763.80348062 925.71732566 590.80190147
840.38623578 715.15556664 1545.57136373 661.48643386
803.48698842 651.03148220 1215.48157892 569.91544066
784.70671768 577.97872326 1566.50912424 409.85723301
784.70671768 502.02127674 1106.25821681 239.31688989
803.48698842 428.96851780 1258.45902538 403.26338647
840.38623578 364.84443336 1081.87685584 411.28635626
893.70566967 316.19651938 962.30660515 327.54654426
960.00000000 290.00000000 785.02731172 551.00759182
960.00000000 790.00000000 626.22168516 966.58743984
913.54754698 759.63888828 1348.86295672 1247.25438839
877.42248782 709.36150987 831.08416097 889.12615285
853.03991197 646.27413447 1060.77595041 684.40342077
840.81832822 576.16551854 1038.60291680 435.21088982
840.81832822 503.83448146 1068.88086921 212.83153064
853.03991197 433.72586553 1267.55761644 600.94689119
877.42248782 370.63849013 597.96044355 558.88227429
913.54754698 320.36111172 819.40468593 473.85434616
960.00000000 290.00000000 873.23647003 1138.05494251
960.00000000 790.00000000 1006.76309268 975.03593152
937.45027442 757.12932530 615.96425510 919.66965644
920.26689893 705.95182078 426.44245179 409.14490165
908.83907551 643.51918549 679.56109491 851.83009683
903.16163110 575.12395947 1225.08818215 538.57113080
903.16163110 504.87604053 1253.23179525 87.89407267
908.83907551 436.48081451 997.84004077 304.27978793
920.26689893 374.04817922 1122.05478160 354.47603035
937.45027442 322.87067470 847.02920862 219.95991015
960.00000000 290.00000000 912.46431730 182.49272403
960.00000000 790.00000000 838.38858074 784.39766417
963.25537982 756.43286408 796.20269972 998.86866895
965.72206304 705.01617503 1301.13355913 594.20273249
967.35588419 642.76888968 790.41717099 664.16806751
968.16561570 574.84136140 933.82967792 393.10501722
968.16561570 505.15863860 1053.68955516 557.28150208
967.35588419 437.23111032 1085.12488562 686.95349950
965.72206304 374.98382497 1238.41354699 418.06267972
963.25537982 323.56713592 826.23483494 400.14692555
960.00000000 290.00000000 1035.96740428 367.55846109
960.00000000 790.00000000 1319.50783046 1135.26528405
988.78858622 757.59080122 1078.65007331 848.38598254
1010.80839497 706.57430411 1022.25724043 1087.79239644
1025.49229122 644.01970528 841.22194265 667.85952591
1032.79918090 575.31273261 1512.11356136 603.03397423
1032.79918090 504.68726739 229.96866609 301.45519611
1025.49229122 435.98029472 1416.54417287 -438.00117914
1010.80839497 373.42569589 810.86658482 529.72443487
988.78858622 322.40919878 789.01404682 542.13682556
960.00000000 290.00000000 867.42791283 424.54435099
960.00000000 790.00000000 709.06247456 1062.06720845
1011.87699375 760.53386509 90.18818408 730.72271626
1052.51376265 710.59220025 872.72905021 703.09223368
1080.08786720 647.27656539 648.16982906 474.25356750
1093.95384437 576.54603866 861.10282521 673.71578124
1093.95384437 503.45396134 1090.69042128 647.06739694
1080.08786720 432.72343461 -266.27784605 1418.33325968
1052.51376265 369.40779975 985.11190752 567.27144771
1011.87699375 319.46613491 806.69775030 271.30494936
960.00000000 290.00000000 658.35723150 -61.96407486
960.00000000 790.00000000 1043.57938688 773.06714244
1030.37328832 765.07203374 1251.56469460 294.36729249
1087.55485835 716.95507938 851.87759395 601.48433419
1127.43448206 652.52883803 1321.77721951 1090.21249295
1147.82918304 578.55328593 712.00307089 880.93143575
1147.82918304 501.44671407 -292.91551183 909.42741038
1127.43448206 427.47116197 877.29579084 468.92690015
1087.55485835 363.04492062 1355.47363560 562.24051110
1030.37328832 314.92796626 486.34665330 329.62560857
960.00000000 290.00000000 592.00051456 -163.45293074
960.00000000 790.00000000 1125.19496279 634.26247256
1042.24212094 770.87205589 742.46269129 1064.20828759
1112.25575580 725.39718084 831.43524447 793.10569440
1162.88418236 659.68245756 926.27113157 229.78712039
1189.37304538 581.32416515 945.51758232 736.73987007
1189.37304538 498.67583485 -82.68374472 34.65151927
1162.88418236 420.31754244 946.60742371 269.29738945
1112.25575580 354.60281916 793.48466879 597.14732415
1042.24212094 309.12794411 892.49659451 420.64741899
960.00000000 290.00000000 818.32220303 55.82884808
960.00000000 790.00000000 1491.37286527 753.37143430
1045.75538508 777.43434221 938.70106261 966.86208127
1122.69677078 735.39498126 645.39031759 775.78661311
1180.75559557 668.43964454 436.18652060 998.37437029
1211.98504272 584.77561251 784.51333134 577.32905913
1211.98504272 495.22438749 1389.79978059 294.50665411
1180.75559557 411.56035546 497.94405589 578.49878757
1122.69677078 344.60501874 613.12588495 -87.78765259
1045.75538508 302.56565779 734.96736674 553.02499518
960.00000000 290.00000000 1076.24385741 275.84235187
960.00000000 790.00000000 689.36375719 912.79579555
1039.81425949 784.08957806 968.65700446 869.31165073
1115.33156646 746.05388534 738.58833681 879.25168715
1174.94635510 678.13510875 888.12175154 1002.73622320
1208.00235664 588.67536255 1064.31128956 1045.61701095
1208.00235664 491.32463745 997.95281680 625.68346964
1174.94635510 401.86489125 821.62715627 198.41186058
1115.33156646 333.94611466 453.99466050 546.63377359
1039.81425949 295.91042194 903.11478437 447.09474599
960.00000000 290.00000000 915.88084100 365.57455928
960.00000000 790.00000000 773.09806812 932.62548880
1024.35198851 790.04092738 862.37387288 683.76254416
1088.19686212 756.06223424 1192.60376587 589.38946344
1140.76734354 687.59591794 1195.77855526 457.54538277
1170.78723291 592.56274913 881.86861847 696.69942231
1170.78723291 487.43725087 599.49283413 639.34265587
1140.76734354 392.40408206 1043.35141351 540.07886545
1088.19686212 323.93776576 528.17087935 523.79852993
1024.35198851 289.95907262 1139.83851734 233.14626449
960.00000000 290.00000000 920.97313655 -184.25800839
2
1000 960 540
0.87013315 -0.38407681 0.30879331
0.48760804 0.76182999 -0.42644281
0.07146121 -0.52163212 -0.85017247
-0.92660366 -2.63583279 203.65341096
960.00000000 790.00000000 703.23948993 815.67453107
1045.50503583 774.92315520 968.83465792 615.21103230
1120.69690242 731.51111078 1171.41722280 288.34502786
1176.50635095 665.00000000 1164.43766055 514.45996160
1206.20193825 583.41204442 1012.52258402 628.49462365
1206.20193825 496.58795558 1316.73720102 974.39476316
1176.50635095 415.00000000 1244.62770997 540.94372823
1120.69690242 348.48888922 1212.68031412 777.96406711
1045.50503583 305.07684480 1539.48249596 681.42221477
960.00000000 290.00000000 1172.73127089 590.49197363
960.00000000 790.00000000 904.36951300 712.65537562
1043.18154290 781.63168184 601.22923647 1043.36302291
1120.35704267 742.05392043 1233.04342775 626.52559557
1180.25957720 674.45190105 1059.51345161 725.73189099
1213.09485564 587.18401162 1373.01481772 654.41058915
1213.09485564 492.81598838 982.73068065 398.59097594
1180.25957720 405.54809895 1181.88873284 389.86628114
1120.35704267 337.94607957 1253.02622309 440.46877703
1043.18154290 298.36831816 794.29989587 574.01883862
960.00000000 290.00000000 1065.36940180 312.93873884
960.00000000 790.00000000 621.27288793 761.79668069
1031.21560882 787.94478905 1014.51611375 388.05621675
1100.69979823 752.48369336 1035.30201196 1690.12770793
1157.05902966 684.17214991 1769.31804290 39.62167893
1188.90266672 591.14642528 1222.71577030 511.56997213
1188.90266672 488.85357472 1200.50842914 311.89628767
1157.05902966 395.82785009 2107.09685989 139.17986507
1100.69979823 327.51630664 1407.20414112 622.86251264
1031.21560882 292.05521095 1110.22031898 1000.07776675
960.00000000 290.00000000 1332.71529174 506.30508596
960.00000000 790.00000000 955.51683806 1131.38844471
1010.37259007 793.03596276 1328.87382186 1079.19529940
1061.55508669 761.27991037 1174.92914032 668.60480018
1104.63269471 692.67210244 913.53822987 719.66650268
1129.62052365 594.68283302 1430.03745122 769.24624800
1129.62052365 485.31716698 1390.15757347 487.71101600
1104.63269471 387.32789756 979.89610060 696.23166072
1061.55508669 318.72008963 1149.49554813 542.85278921
1010.37259007 286.96403724 1414.94002537 28.35311506
960.00000000 290.00000000 931.72492676 410.08318649
960.00000000 790.00000000 947.91647185 763.58969950
982.88734550 796.15552957 1065.54919381 594.22230370
1006.72803252 766.84966545 798.96764795 741.00618745
1027.26732070 698.20408028 1132.28163656 627.36091256
1039.38589283 597.02119077 1359.44257112 534.83757687
1039.38589283 482.97880923 1042.87198951 627.25298535
1027.26732070 381.79591972 936.23559767 537.80514987
1006.72803252 313.15033455 1330.19147480 174.74901636
982.88734550 283.84447043 992.31654152 301.99545717
960.00000000 290.00000000 1135.29323772 137.93117127
960.00000000 790.00000000 873.83336065 128.71176944
952.28131812 796.80639684 611.12674880 1693.85115919
944.19930456 768.02960538 -100.89312961 828.99526956
937.20199248 699.39137934 905.16285026 -113.38712914
933.05838179 597.52690540 1362.42298008 241.11078533
933.05838179 482.47309460 1491.98133126 901.85604775
937.20199248 380.60862066 1087.75997536 -227.10632061
944.19930456 311.97039462 844.62385547 -2.86059146
952.28131812 283.19360316 746.11271144 264.93334750
960.00000000 290.00000000 901.89948356 308.37428469
960.00000000 790.00000000 629.70158643 482.53089032
922.73505253 794.88117473 914.86438779 585.44428980
884.31012023 764.55741491 580.72672418 353.58168863
851.52246892 695.91298264 1162.13846769 676.12438880
832.31278949 596.04918284 800.79353696 482.87445157
832.31278949 483.95081716 1097.12704508 2.71602824
851.52246892 384.08701736 490.51020835 -147.72537817
884.31012023 315.44258509 1481.88834488 694.09565234
922.73505253 285.11882527 931.76217025 512.61780343
960.00000000 290.00000000 1443.41361842 587.61767472
960.00000000 790.00000000 495.71387167 1415.14578997
898.20138131 790.69382740 325.44115100 857.21522802
836.56999888 757.18905907 611.72570735 478.82688278
785.58127103 688.68365587 431.82790794 382.28152578
756.36646792 593.01500497 849.10766706 47.29059862
756.36646792 486.98499503 973.66554194 488.72069775
785.58127103 391.31634413 1051.24366705 112.27627488
836.56999888 322.81094093 1032.62691387 -339.59888987
898.20138131 289.30617260 963.36722633 2.23380568
960.00000000 290.00000000 854.75539546 -256.44983991
960.00000000 790.00000000 781.07857808 852.90648160
881.61043143 784.88913883 799.97380149 357.11700040
806.96681364 747.37156667 122.24948612 305.14760018
747.71311039 679.36048994 749.04263473 723.26236783
714.73149817 589.17424122 38.05717722 143.07378608
714.73149817 490.82575878 574.65788962 340.82861443
747.71311039 400.63951006 1095.60707370 275.70840427
806.96681364 332.62843333 1095.46542842 246.86017425
881.61043143 295.11086117 931.00310885 351.56475165
960.00000000 290.00000000 1236.48453955 269.72079304
960.00000000 790.00000000 2109.22924833 719.94660279
874.45724116 778.27658028 1067.31258752 455.73027466
797.18845441 736.71416924 438.53510185 540.69986809
738.55515501 669.61907612 683.69988828 91.61798577
706.89941179 585.24555290 318.19451806 -116.08676323
706.89941179 494.75444710 936.45858197 142.30158856
738.55515501 410.38092388 731.46482258 -113.54235131
797.18845441 343.28583076 995.43103363 32.70618097
874.45724116 301.72341972 1170.82892495 86.42525908
960.00000000 290.00000000 1388.14509588 420.23378576
960.00000000 790.00000000 1222.02134059 1130.68001467
876.83162536 771.66281010 137.01437138 1078.31808341
805.57919947 726.57619999 973.49909883 910.72870022
753.79479557 660.69880466 777.07281372 620.79077223
726.61357187 581.72134903 997.30749087 197.94414921
726.61357187 498.27865097 1033.85492916 16.93228833
753.79479557 419.30119534 615.00711958 424.94697591
805.57919947 353.42380001 1155.58439234 720.24398146
876.83162536 308.33718990 1239.80276031 396.60394480
960.00000000 290.00000000 761.41933149 1102.55082311
960.00000000 790.00000000 727.95338967 939.27361855
887.74120212 765.73660129 1001.12214426 980.54073586
828.71258357 717.90440019 1072.47209128 743.63369089
787.37645037 653.32260083 1122.78333106 936.18297808
766.18315497 578.85862318 686.91210775 307.44707715
766.18315497 501.14137682 872.22614397 -150.07801440
787.37645037 426.67739917 947.59205909 376.30278938
828.71258357 362.09559981 972.22152940 -79.09892969
887.74120212 314.26339871 1116.76937295 338.22632759
960.00000000 290.00000000 972.00481031 435.45991223
960.00000000 790.00000000 846.72540055 823.28974733
905.51647025 761.01925401 954.21974497 1057.61774346
862.67012026 711.26294100 599.06441148 476.32837641
833.51232144 647.82471918 927.45865964 756.12140220
818.82409518 576.75446386 873.56642112 596.18660411
818.82409518 503.24553614 882.10471753 402.38412055
833.51232144 432.17528082 793.25873436 481.66732833
862.67012026 368.73705900 753.64652525 -92.07214693
905.51647025 318.98074599 1108.55329142 455.48516249
960.00000000 290.00000000 1015.76786754 162.14349527
960.00000000 790.00000000 370.02992345 927.02455302
928.14719581 757.86372184 701.20921860 712.01579719
903.72964411 706.94339711 644.51391091 1018.20759383
887.42073424 644.31699256 1076.51236000 643.50989319
879.29742704 575.42495172 433.61293415 436.12490738
879.29742704 504.57504828 1079.56546507 760.32437823
887.42073424 435.68300744 759.98170844 362.54298145
903.72964411 373.05660289 1116.24709839 546.14539747
928.14719581 322.13627816 1359.79328150 421.65688924
960.00000000 290.00000000 1291.13187315 219.32753742
960.00000000 790.00000000 1342.60673904 1465.22490163
953.49348935 756.47654125 996.31014650 923.93221900
948.56159339 705.07471806 928.09874322 721.28624958
945.29409448 642.81576417 1201.21080548 613.28423746
943.67445715 574.85900332 1103.96934499 607.63867280
943.67445715 505.14099668 758.93999064 594.09583704
945.29409448 437.18423583 1076.82276582 1236.30111800
948.56159339 374.92528194 1133.40907904 192.14550540
953.49348935 323.52345875 1202.44733063 321.64447940
960.00000000 290.00000000 1095.17681587 452.09413066
960.00000000 790.00000000 775.53356055 671.52906239
979.38356844 756.94120173 767.16162479 135.53093631
994.13172952 705.69863967 1226.66119483 467.37063466
1003.92924034 643.31591912 400.24957963 885.83186084
1008.79353612 575.04735454 1067.40396972 950.64055836
1008.79353612 504.95264546 845.33190001 929.94286655
1003.92924034 436.68408088 917.49823810 617.19310169
994.13172952 374.30136033 534.00964792 311.03959578
979.38356844 323.05879827 1294.97667906 593.77064055
960.00000000 290.00000000 1029.16740588 531.11260266
960.00000000 790.00000000 761.43861004 427.08006310
1003.64278614 759.23022804 838.55743601 1020.10400265
1037.47073251 708.80214774 972.51634873 806.20299159
1060.24767278 645.81993925 1057.42749575 302.76513988
1071.64775376 575.99337713 804.71405205 760.93437367
1071.64775376 504.00662287 926.48139487 796.41791272
1060.24767278 434.18006075 895.61648485 528.19728834
1037.47073251 371.19785226 1127.95952433 608.73270717
1003.64278614 320.76977196 1072.56862515 409.52963131
960.00000000 290.00000000 1315.68802192 70.93384589
960.00000000 790.00000000 196.26693934 346.23009792
1024.10861342 763.20102145 766.53941867 922.93586706
1075.42021964 714.30667895 1357.84929319 873.53367393
1110.80035688 650.32842137 1096.75419800 1088.05253502
1128.76692739 577.70958707 1272.02187827 519.34977393
1128.76692739 502.29041293 663.67168297 626.69592672
1110.80035688 429.67157863 1638.23459542 696.23360069
1075.42021964 365.69332105 992.28257559 570.95844128
1024.10861342 316.79897855 1082.82511350 655.41251028
960.00000000 290.00000000 1069.13633358 -102.53570431
960.00000000 790.00000000 981.76161866 963.12293416
1038.68750144 768.57706950 796.61704911 823.30989782
1104.45262329 722.01395066 1319.90181198 993.75655612
1151.32536285 656.78974000 809.45352488 984.17896681
1175.62465026 580.19850968 631.02528444 941.34174601
1175.62465026 499.80149032 864.20688725 584.47261219
1151.32536285 423.21026000 1067.14734201 419.38995765
1104.45262329 357.98604934 1981.19255400 632.36178278
1038.68750144 311.42293050 966.88776580 527.91890226
960.00000000 290.00000000 1000.99814590 439.79796820
960.00000000 790.00000000 862.77904318 933.00241356
1045.50503583 774.92315520 1238.58112211 537.81088322
1120.69690242 731.51111078 701.85406902 301.11223885
1176.50635095 665.00000000 756.53432529 275.83269418
1206.20193825 583.41204442 845.50065165 759.90725163
1206.20193825 496.58795558 1191.35417205 768.82022019
1176.50635095 415.00000000 945.11215046 299.64500425
1120.69690242 348.48888922 1664.95052376 596.77772726
1045.50503583 305.07684480 809.50610470 435.40942038
960.00000000 290.00000000 1032.55715625 267.38367741
3
1000 960 540
-0.87987904 0.26675246 0.39326328
-0.46640349 -0.64325714 -0.60719687
-0.09099816 0.71767916 -0.69040275
13.36256751 8.80512722 189.46865300
960.00000000 790.00000000 1076.44173596 525.30390897
1017.01405313 761.52923395 1083.34848361 399.92723721
1062.03557981 711.97016355 844.85098799 831.35422677
1092.76734354 648.40408206 513.45622817 896.27580482
1108.27730659 576.97502340 936.48738597 524.32795088
1108.27730659 503.02497660 707.04204815 206.49410135
1092.76734354 431.59591794 496.20694247 715.89066160
1062.03557981 368.02983645 604.09044082 487.27511372
1017.01405313 318.47076605 291.12353522 259.60626652
960.00000000 290.00000000 432.96104525 872.40199306
960.00000000 790.00000000 1108.67285075 356.39546437
1034.03661750 766.42027679 1210.72733601 257.42179708
1094.85118426 718.88579310 920.61302141 263.27115975
1137.61787372 654.14598908 882.38863118 447.44474003
1159.60238526 579.17591187 296.14157553 552.44906505
1159.60238526 500.82408813 1023.08591934 747.72151588
1137.61787372 425.85401092 886.61674285 582.50202985
1094.85118426 361.11420690 465.98979234 844.91761869
1034.03661750 313.57972321 1135.66375544 582.38527994
960.00000000 290.00000000 1077.55590736 653.55652528
960.00000000 790.00000000 1233.82426005 400.22044464
1043.96041262 772.46453062 1105.91329461 569.19027974
1116.35497204 727.77863068 986.85611258 50.11137999
1169.24020474 661.73977946 1296.48671885 -449.12779077
1197.09103028 582.12907237 1021.74685882 247.76495851
1197.09103028 497.87092763 689.56997208 924.80715569
1169.24020474 418.26022054 1194.78124809 -728.65643042
1116.35497204 352.22136932 215.73187721 563.75087411
1043.96041262 307.53546938 832.28253615 295.69484896
960.00000000 290.00000000 698.59661209 397.71229151
960.00000000 790.00000000 1108.63713084 112.15201550
1045.17986536 779.11896253 892.51908481 47.35533869
1122.64022862 738.04203605 527.17233909 694.67463161
1181.75089948 670.81203426 1071.34056548 390.98487846
1213.78428696 585.72212820 758.73133894 110.86248665
1213.78428696 494.27787180 709.96115849 306.01677065
1181.75089948 409.18796574 1025.42091435 395.44801015
1122.64022862 341.95796395 767.78919366 603.69611872
1045.17986536 300.88103747 894.01221203 643.61837334
960.00000000 290.00000000 962.07310063 935.17834451
960.00000000 790.00000000 851.12402774 593.42085024
1036.81556016 785.67609045 955.01541347 461.46543155
1110.42066386 748.67649307 1128.26150152 413.69032193
1169.17246015 680.57996656 888.34659014 421.48014309
1201.99920445 589.67207105 448.17680022 538.48811729
1201.99920445 490.32792895 825.47420685 619.71710007
1169.17246015 399.42003344 1100.47303823 494.55826195
1110.42066386 331.32350693 941.69217095 516.67553606
1036.81556016 294.32390955 1129.01176054 731.87249194
960.00000000 290.00000000 777.05666435 1583.00533258
960.00000000 790.00000000 1572.76338444 226.67783018
1019.11922279 791.32124588 1080.60096069 169.45737496
1078.37391616 758.27743495 1519.49750114 247.22821053
1127.62097839 689.73871440 1756.97478249 820.08780243
1155.93004701 593.45473365 1054.09255289 229.11278009
1155.93004701 486.54526635 977.06327468 -95.09110025
1127.62097839 390.26128560 1855.65729183 379.53364646
1078.37391616 321.72256505 1632.06195389 693.34226934
1019.11922279 288.67875412 1352.53349353 802.45582165
960.00000000 290.00000000 1056.25128326 1077.55520602
960.00000000 790.00000000 1285.23280901 647.57717507
993.77188628 795.25573711 1197.22565560 325.64793714
1028.69912511 765.22870415 1406.35436072 676.35420512
1058.58615743 696.58183352 1034.19948952 204.68565516
1076.13245162 596.33242244 1110.41081001 759.57770499
1076.13245162 483.66757756 1248.70231565 1445.69251055
1058.58615743 383.41816648 1943.54049328 911.55461536
1028.69912511 314.77129585 965.23676216 -50.76150505
993.77188628 284.74426289 709.99796500 1148.71803980
960.00000000 290.00000000 685.26332639 197.26799760
960.00000000 790.00000000 1175.88390815 204.46113216
963.86356551 796.86789131 1406.46149266 227.34144124
967.91097924 768.14141095 1360.75128575 492.98981411
971.41682241 699.50416453 1359.52958708 1038.27793951
973.49360174 597.57501601 1459.81350802 1323.83579057
973.49360174 482.42498399 875.29604908 847.49626349
971.41682241 380.49583547 1280.01269868 820.27985568
967.91097924 311.85858905 2480.65021914 1798.09299340
963.86356551 283.13210869 1367.88854199 1754.21203065
960.00000000 290.00000000 2458.57080576 3144.44947770
960.00000000 790.00000000 1207.84658622 238.08135678
933.42443867 795.89374377 1484.54693887 156.04571082
905.79960715 766.37684040 1625.19299690 627.62205367
882.04726295 697.72982852 1058.87423478 591.24167024
868.05331153 596.81957139 1758.27039022 285.51436758
868.05331153 483.18042861 1575.87148509 140.98036316
882.04726295 382.27017148 962.27625011 863.73168306
905.79960715 313.62315960 1088.27119594 709.87188154
933.42443867 284.10625623 1034.89434368 933.30578827
960.00000000 290.00000000 353.51073707 1360.42847709
960.00000000 790.00000000 785.85917137 -518.27338521
906.59892320 792.49373024 1091.87014720 419.23017611
852.57315393 760.32599881 1303.68350963 763.76288066
807.28411920 691.73648741 1617.84342996 558.54259884
781.08920290 594.29024155 1951.74353775 1024.52913075
781.08920290 485.70975845 1262.95033341 1092.61499754
807.28411920 388.26351259 1829.46712278 890.36751128
852.57315393 319.67400119 1481.12655626 723.41223620
906.59892320 287.50626976 1168.62581502 829.07526581
960.00000000 290.00000000 871.37513344 218.73875608
960.00000000 790.00000000 843.34139667 150.96997283
886.77358214 787.20556204 1312.80001981 377.86482676
815.74709317 751.23572023 998.35171613 299.05178280
758.43881168 682.98899030 1124.88769023 564.65480136
726.17773125 590.65950685 1273.34317312 675.85380395
726.17773125 489.34049315 1346.70419540 1259.06960825
758.43881168 397.01100970 1328.67212210 675.91751294
815.74709317 328.76427977 697.52139076 517.24515601
886.77358214 292.79443796 883.98682962 470.88444647
960.00000000 290.00000000 1016.44411570 358.63899270
960.00000000 790.00000000 1182.71706922 262.82084621
876.00022377 780.79807045 830.91929483 410.36731557
798.58224078 740.71439726 629.35469406 689.67195524
738.83119468 673.23060077 856.29579308 288.83797738
706.20404627 586.69218596 1384.05078834 688.38301290
706.20404627 493.30781404 1884.38035045 1947.72682708
738.83119468 406.76939923 1013.25916890 881.02348351
798.58224078 339.28560274 1654.41342419 909.71265308
876.00022377 299.20192955 790.02616427 945.63833849
960.00000000 290.00000000 864.10964379 965.45892120
960.00000000 790.00000000 926.40537718 571.10174702
874.86881660 774.09597860 983.73424802 262.89496656
800.49958120 730.24771464 1280.82982190 716.64661481
745.59688803 663.89152771 885.42740159 583.52880964
716.48595985 582.97480633 918.53833090 792.58792495
716.48595985 497.02519367 1208.58674018 577.05094059
745.59688803 416.10847229 1276.33181552 446.85474183
800.49958120 349.75228536 1788.34254274 840.08019776
874.86881660 305.90402140 851.62285697 677.28995633
960.00000000 290.00000000 1250.96419562 802.76939788
960.00000000 790.00000000 1232.14602787 478.83448292
882.74547733 767.84144172 1234.76133008 368.20810574
818.55845008 720.94148540 1111.98720148 377.23045052
773.02025268 655.88003452 972.44516337 386.31238556
749.48114147 579.84597447 1383.38902207 776.82597298
749.48114147 500.15402553 560.94113738 736.58338425
773.02025268 424.11996548 1019.41624527 1357.80362438
818.55845008 359.05851460 886.35364404 516.51192482
882.74547733 312.15855828 872.79225610 260.35676863
960.00000000 290.00000000 977.87298195 488.81043236
960.00000000 790.00000000 963.37729099 -57.06886323
898.16934513 762.62072445 660.77481165 622.88734052
848.91214783 713.49247932 971.19145422 503.78206234
815.06754543 649.65605907 680.52306798 546.79110567
797.91776833 577.45258449 1015.52974010 330.83858251
797.91776833 502.54741551 1130.18815396 612.76589266
815.06754543 430.34394093 638.83811853 401.67873759
848.91214783 366.50752068 1330.15558681 299.80724431
898.16934513 317.37927555 734.22567815 841.22541629
960.00000000 290.00000000 543.43780434 1121.58664606
960.00000000 790.00000000 1161.70695120 450.34906750
919.22622457 758.84801579 1434.70094333 1039.68533005
887.71975198 708.28044773 1011.14695648 286.09641398
866.55376136 645.39712213 1225.06262040 503.53907835
855.97440085 575.83327907 890.54280458 303.10331655
855.97440085 504.16672093 738.17466057 719.78954469
866.55376136 434.60287787 904.45243895 716.75309450
887.71975198 371.71955227 1450.86634934 732.40358336
919.22622457 321.15198421 421.71589587 638.87684807
960.00000000 290.00000000 588.07879992 1076.36969441
960.00000000 790.00000000 1295.38364676 533.97713059
943.80807925 756.78172877 916.88281207 453.09616572
931.50424963 705.48427870 968.45775766 393.61109646
923.33816067 643.14395883 917.18126743 972.09412244
919.28608963 574.98257398 985.02272933 596.98143468
919.28608963 505.01742602 654.84007877 832.09216464
923.33816067 436.85604117 905.50890519 879.75595439
931.50424963 374.51572130 891.41597454 438.46367753
943.80807925 323.21827123 953.67638332 669.23547649
960.00000000 290.00000000 229.42441777 1970.30762289
960.00000000 790.00000000 1580.77054283 603.93068863
969.74914357 756.54929273 1036.49627114 435.05645318
977.14330288 705.17227083 785.28892374 140.09199248
982.04418566 642.89389426 745.57683980 348.82876871
984.47407396 574.88841270 880.51056872 316.96385484
984.47407396 505.11158730 1021.95151578 902.76656761
982.04418566 437.10610574 365.79389791 71.83414036
977.14330288 374.82772917 649.26031290 1006.77574247
969.74914357 323.45070727 814.47020570 547.88828789
960.00000000 290.00000000 1605.22927830 1162.53825413
960.00000000 790.00000000 874.59983478 394.17758059
994.87456244 758.16442852 1077.43958333 422.70905950
1021.67377227 707.35088918 942.57474494 37.13065920
1039.60507781 644.64565133 1022.44130637 375.77925841
1048.54596005 575.54909621 1102.77574052 453.59990945
1048.54596005 504.45090379 1080.68538368 567.22934954
1039.60507781 435.35434867 767.38805400 936.36364787
1021.67377227 372.64911082 -95.65814683 -356.11261766
994.87456244 321.83557148 940.10824231 702.55387607
960.00000000 290.00000000 940.36678465 775.79553012
960.00000000 790.00000000 917.44818857 483.00642642
1017.01405313 761.52923395 1071.61736588 162.17293669
1062.03557981 711.97016355 1412.15713402 590.98482755
1092.76734354 648.40408206 1343.56481838 771.97220112
1108.27730659 576.97502340 939.22432148 612.23655905
1108.27730659 503.02497660 715.48048307 421.99587435
1092.76734354 431.59591794 1273.53970498 531.33419926
1062.03557981 368.02983645 296.18987674 65.45113698
1017.01405313 318.47076605 1049.18445367 963.37888718
960.00000000 290.00000000 711.89632691 1542.15374786
4
1000 960 540
-0.49057703 0.73531322 -0.46759882
0.63986080 -0.06029622 -0.76612174
0.59153388 0.67503988 0.44091816
-8.84977417 -0.10606261 216.13396819
960.00000000 790.00000000 1232.66786727 597.44801534
960.00000000 756.41830065 951.22198269 479.70643426
960.00000000 704.99665880 532.77165648 547.12639471
960.00000000 642.75326545 598.31993056 989.79283889
960.00000000 574.83548138 925.26599859 616.55736448
960.00000000 505.16451862 889.12619689 708.89734827
960.00000000 437.24673455 610.56257143 872.02000474
960.00000000 375.00334120 837.60910682 862.89286860
960.00000000 323.58169935 605.94746965 790.28021776
960.00000000 290.00000000 640.74538216 1137.71768348
960.00000000 790.00000000 1015.67957381 474.83032255
985.68614621 757.34592569 1178.94786169 424.19971282
1005.29397252 706.24374104 818.31406586 529.95305442
1018.35070580 643.75377509 936.66654972 653.01577152
1024.84232314 575.21241069 604.56179090 941.92475163
1024.84232314 504.78758931 804.71904401 529.73754291
1018.35070580 436.24622491 669.86920895 537.55423428
1005.29397252 373.75625896 491.14974311 839.24630395
985.68614621 322.65407431 1067.31845146 488.19070071
960.00000000 290.00000000 716.04313762 432.53603957
960.00000000 790.00000000 1172.82979021 406.73473513
1009.19858172 760.07358290 812.56089582 434.92920659
1047.59406380 709.95828654 1102.76127091 566.57049999
1073.57604009 646.75968759 620.84015388 274.95553573
1086.61968480 576.34973073 793.51088721 453.89146371
1086.61968480 503.65026927 462.15898601 648.54413702
1073.57604009 433.24031241 638.59682913 305.63294253
1047.59406380 370.04171346 549.37170502 943.81642217
1009.19858172 319.92641710 1002.20462084 693.78143697
960.00000000 290.00000000 658.99747014 614.86130850
960.00000000 790.00000000 1050.73005331 465.54969338
1028.38385419 764.42739901 925.87745759 564.11942835
1083.66112784 716.03857440 761.24484419 999.61174111
1122.06096458 651.76503593 1018.56636815 510.64503013
1141.65094803 578.25996865 787.18453443 592.56265384
1141.65094803 501.74003135 645.38630622 576.61435832
1122.06096458 428.23496407 974.10326455 534.56592859
1083.66112784 363.96142560 754.65660308 693.39179086
1028.38385419 315.57260099 330.64732788 351.03773601
960.00000000 290.00000000 827.25903299 668.21849734
960.00000000 790.00000000 1054.47628373 799.60994404
1041.18452145 770.09343748 877.57228686 564.45003260
1109.86753203 724.24295514 1090.44482284 484.83001741
1159.28925622 658.69163829 849.89339585 597.03591330
1185.06549061 580.93780435 578.77825829 773.75545349
1185.06549061 499.06219565 891.70931874 736.72610338
1159.28925622 421.30836171 941.24833158 472.59951090
1109.86753203 355.75704486 497.55026573 404.51820816
1041.18452145 309.90656252 752.57247737 414.32401471
960.00000000 290.00000000 101.75172973 557.28693288
960.00000000 790.00000000 872.15435532 155.37543527
1045.81895613 776.59373168 1242.87508204 548.48031534
1122.30182603 734.08668869 1262.19969317 178.14299535
1179.69478467 667.27555361 639.13305701 5.03279127
1210.45304345 584.31298026 621.71637132 376.66615272
1210.45304345 495.68701974 852.53691596 469.70741905
1179.69478467 412.72444639 623.19984259 48.34139216
1122.30182603 345.91331131 761.43396655 70.46071328
1045.81895613 303.40626832 958.27392242 257.30680993
960.00000000 290.00000000 752.49981185 561.35268750
960.00000000 790.00000000 1164.13054038 356.24023884
1041.08837193 783.27905649 967.88168606 392.12651721
1117.31693553 744.72645101 1136.93789702 225.63093962
1177.15678202 676.90672452 882.54752249 472.83725943
1210.21053787 588.17662559 1045.63195227 534.38179000
1210.21053787 491.82337441 239.71838955 234.33841494
1177.15678202 403.09327548 957.06480506 -274.82706807
1117.31693553 335.27354899 795.82607083 459.46259619
1041.08837193 296.72094351 888.07779996 1433.35625025
960.00000000 290.00000000 686.16614643 594.11094783
960.00000000 790.00000000 1240.01255498 465.56059787
1026.77511185 789.36407438 1182.19595364 266.41256096
1092.66771646 754.90021653 1110.89745043 282.23557968
1146.65991852 686.47906999 1873.29655936 262.95843702
1177.38520950 592.09954045 557.02150256 81.00713275
1177.38520950 487.90045955 847.36732079 750.18901254
1146.65991852 393.52093001 591.47444938 272.74580801
1092.66771646 325.09978347 191.14888374 -223.68420018
1026.77511185 290.63592562 140.20119083 117.73001836
960.00000000 290.00000000 -777.05998945 -1205.95917854
960.00000000 790.00000000 1076.04695305 404.43919423
1004.00505408 794.02574781 952.88736574 208.93255718
1049.07165344 763.03192440 1387.48977560 -5.50167857
1087.28151738 694.39945548 1190.66434575 615.67880155
1109.56398179 595.40983251 1136.52099868 8.82584537
1109.56398179 484.59016749 1010.23163695 157.08625678
1087.28151738 385.60054452 589.67263847 501.48871169
1049.07165344 316.96807560 643.27205201 405.03399804
1004.00505408 285.97425219 787.73965331 556.99227271
960.00000000 290.00000000 145.25491729 840.19619151
960.00000000 790.00000000 694.20814295 459.99585560
975.36995041 796.56123709 831.77320382 437.07037865
991.43197202 767.58442735 1497.73928318 375.79113671
1005.31239381 698.94278614 927.15309850 79.88531898
1013.52068876 597.33567208 1193.95992962 -487.81425118
1013.52068876 482.66432792 604.07913846 287.88425367
1005.31239381 381.05721386 761.54135577 -99.45168843
991.43197202 312.41557265 647.63284459 164.29271050
975.36995041 283.43876291 474.96849173 311.23086215
960.00000000 290.00000000 663.82804422 481.98060329
960.00000000 790.00000000 977.32115496 639.88043771
944.63004959 796.56123709 1411.72821902 366.69831352
928.56802798 767.58442735 1037.26101668 566.99087808
914.68760619 698.94278614 1099.30591949 506.73008359
906.47931124 597.33567208 721.51325829 297.81747076
906.47931124 482.66432792 385.21451486 196.25703313
914.68760619 381.05721386 1153.13314951 307.31329051
928.56802798 312.41557265 853.51032463 797.76170419
944.63004959 283.43876291 667.14023311 515.35394741
960.00000000 290.00000000 1212.03213707 626.11277032
960.00000000 790.00000000 1122.07403529 435.45446001
915.99494592 794.02574781 1077.02952054 768.86497396
870.92834656 763.03192440 926.24552506 1038.18237276
832.71848262 694.39945548 974.43864011 657.07741584
810.43601821 595.40983251 1027.74840572 241.26971152
810.43601821 484.59016749 124.57176339 -335.02095006
832.71848262 385.60054452 797.21566472 570.33426193
870.92834656 316.96807560 564.62603570 57.44235127
915.99494592 285.97425219 551.31061595 658.22020350
960.00000000 290.00000000 781.04998793 782.63330879
960.00000000 790.00000000 1166.23406484 761.48406246
893.22488815 789.36407438 1078.73539323 589.87696433
827.33228354 754.90021653 1225.01901766 369.82907568
773.34008148 686.47906999 1064.90920480 761.10271614
742.61479050 592.09954045 1059.64541064 803.09402220
742.61479050 487.90045955 918.59327158 382.31966041
773.34008148 393.52093001 1003.99016999 340.96429117
827.33228354 325.09978347 763.53072254 -58.76137983
893.22488815 290.63592562 729.35781230 626.77498947
960.00000000 290.00000000 648.27757280 301.14869870
960.00000000 790.00000000 1413.18162555 457.76453232
878.91162807 783.27905649 1108.92692041 392.83175788
802.68306447 744.72645101 1239.61754323 539.95157787
742.84321798 676.90672452 897.70687634 545.94149036
709.78946213 588.17662559 1411.00726172 250.52256823
709.78946213 491.82337441 927.58864697 1179.30380310
742.84321798 403.09327548 1222.18301118 1261.07444983
802.68306447 335.27354899 809.33520699 599.17500234
878.91162807 296.72094351 667.69401991 488.68191974
960.00000000 290.00000000 557.43777382 410.95585426
960.00000000 790.00000000 986.51015003 528.99256409
874.18104387 776.59373168 1129.32063462 1128.24658779
797.69817397 734.08668869 1028.64929058 626.47992884
740.30521533 667.27555361 757.03955275 751.29945466
709.54695655 584.31298026 875.61955353 496.92377456
709.54695655 495.68701974 1114.93827745 511.79691810
740.30521533 412.72444639 1145.19670588 1028.67989337
797.69817397 345.91331131 738.35354243 271.40117586
874.18104387 303.40626832 507.50079070 616.56228514
960.00000000 290.00000000 521.08533237 1125.23563113
960.00000000 790.00000000 1087.08469248 456.39101402
878.81547855 770.09343748 825.42068696 144.16225283
810.13246797 724.24295514 766.20829691 454.21583195
760.71074378 658.69163829 1411.78222743 466.98764921
734.93450939 580.93780435 1007.74362038 647.36414331
734.93450939 499.06219565 1395.82084777 1302.35616620
760.71074378 421.30836171 1010.35215211 758.28496338
810.13246797 355.75704486 1173.28339899 172.00231552
878.81547855 309.90656252 617.38861230 900.44992464
960.00000000 290.00000000 719.62550286 1312.43581444
960.00000000 790.00000000 1011.24586927 325.74279543
891.61614581 764.42739901 1207.65906259 755.85866140
836.33887216 716.03857440 1019.09273737 601.94642490
797.93903542 651.76503593 591.30743728 578.26635991
778.34905197 578.25996865 1174.19498565 700.50716579
778.34905197 501.74003135 1222.05606895 1440.69838855
797.93903542 428.23496407 982.47863844 819.13997741
836.33887216 363.96142560 842.59300369 594.55936821
891.61614581 315.57260099 745.40063291 545.55725750
960.00000000 290.00000000 -107.51193415 551.74855441
960.00000000 790.00000000 1343.68977362 53.22414113
910.80141828 760.07358290 1189.51385187 610.44194009
872.40593620 709.95828654 849.49947848 614.56919890
846.42395991 646.75968759 1050.31726826 819.67704619
833.38031520 576.34973073 742.09209577 528.94397677
833.38031520 503.65026927 1534.05491099 939.59340009
846.42395991 433.24031241 625.93544793 699.75828016
872.40593620 370.04171346 856.45099830 1268.74705377
910.80141828 319.92641710 879.50364196 713.75284776
960.00000000 290.00000000 382.35726097 80.77810305
960.00000000 790.00000000 1075.67976445 718.40605285
934.31385379 757.34592569 1126.84598096 544.91030198
914.70602748 706.24374104 911.79585797 524.67687486
901.64929420 643.75377509 1160.17069802 603.62314574
895.15767686 575.21241069 1276.85356014 570.64011331
895.15767686 504.78758931 1017.71435592 525.33860049
901.64929420 436.24622491 653.46168808 774.59676937
914.70602748 373.75625896 501.81026222 678.97160849
934.31385379 322.65407431 900.71047031 649.31700896
960.00000000 290.00000000 801.17332956 617.30950540
960.00000000 790.00000000 1168.57052316 744.99687198
960.00000000 756.41830065 815.07364172 424.46765406
960.00000000 704.99665880 1001.49925603 224.43376985
960.00000000 642.75326545 954.33468439 267.63274414
960.00000000 574.83548138 1147.47013930 749.91778389
960.00000000 505.16451862 863.18659713 751.04724571
960.00000000 437.24673455 836.81166233 316.26508032
960.00000000 375.00334120 563.93933375 678.28738075
960.00000000 323.58169935 1032.43979856 668.86018024
960.00000000 290.00000000 169.28227088 976.30699882
