200
-3.93779319 34.15353562 11.63241544
-45.13022710 41.29127280 -10.36049321
13.77493445 42.54976219 -73.04705070
98.81086500 61.90957327 -62.17932418
91.46185639 57.16957929 42.75111924
-19.08477445 0.72702592 -1.96308860
5.51304576 -36.82790607 27.68134234
75.73607183 67.25762326 -110.99884232
81.36169910 -74.12209372 -64.43189579
74.43638024 -80.47709841 -3.61851920
30.40134429 -28.43400968 -40.47216221
-41.49090047 57.09889023 3.53519738
-25.77908843 21.13664240 -32.52440716
33.54707539 3.29075137 9.56986616
78.53646510 -34.86747576 99.16027788
37.74899183 -87.62385267 53.90492049
21.24125341 -39.04202352 -10.49041267
-45.73652342 45.66482022 62.89783328
-66.37097381 -64.71937433 48.22573280
3.18407414 -88.98839988 -10.94941930
-72.94856886 35.57086930 -8.76135520
21.22170485 21.65958818 -49.28424473
14.09784804 56.44952074 37.37933512
128.99845034 -52.83092571 16.04185036
-22.94942939 -40.88753906 87.26017871
63.36653586 -38.65559537 70.03062520
69.69089315 -75.23381678 -46.95532410
19.10615219 -70.91368882 67.90634658
-70.61925814 -56.53497964 -38.16152863
-40.35850073 -22.89011598 18.26986722
51.74804774 54.95223884 -50.65621429
20.45194540 104.75470050 5.27437219
-91.59559577 126.88346845 113.15566203
35.26453006 79.65902804 9.40352857
19.17967930 -74.44213332 53.38392926
-73.73666914 44.56301113 104.51066498
-77.42299620 -28.04252971 -4.97127064
-34.72563119 -25.72756571 68.08128684
24.26061264 -41.06636714 54.38497519
-56.77020497 -33.93868050 -76.09494446
-13.29404128 75.84005236 10.52087292
-37.67587332 58.42104824 -1.13991489
-28.68441405 74.81373102 96.45162535
17.36259731 12.76197942 36.58740951
-98.79189576 45.43834783 102.37096979
94.89949202 20.23340568 -37.00489702
9.30699128 -93.73912111 30.36140959
92.46962856 46.63285529 81.66985229
9.76081448 31.92817991 -54.83060137
13.25996311 -22.99538813 32.30737248
-144.03742228 53.44127377 38.83084729
-132.80244649 67.09173377 73.55610411
68.77783009 3.95096433 121.15462595
55.89377700 34.39101303 72.21910907
-64.70406843 -25.28605018 54.12639365
-34.04423783 41.42757630 9.52140470
-76.10050066 61.11252236 -14.35792429
-37.49136759 -96.28561454 12.69926796
24.24728184 -14.81608694 -3.83232569
-4.98895314 -61.19857058 -35.94162691
75.83625912 88.81167498 -37.31243071
50.26526722 20.36369823 29.13804305
47.18786469 -38.13729912 68.19126504
-20.22349494 0.33276814 17.35461740
19.14000885 -6.54411698 12.71565761
-36.45130825 -123.73712389 12.19865189
-127.07267894 62.14532447 96.37787457
31.16797351 -88.28867446 37.34732143
17.37078716 -45.14198191 -112.84452687
-32.58083408 19.07311969 11.61364698
42.67156855 20.51262352 -16.15091040
-44.52558961 38.06881487 34.66048544
-62.69924326 104.81228297 25.52746774
-112.39198288 67.01484779 35.08300071
5.17040205 -103.54328345 115.33001515
0.58510652 3.66749433 4.89797801
-64.28885396 -80.80394332 28.87421227
-124.38361998 -57.73524766 55.05852201
20.21927220 -59.80001747 14.32565821
-8.15094981 -12.81354718 -37.88231119
113.97829447 -0.32106252 64.25349110
22.68904072 97.68877672 165.06472215
33.32966350 -0.71991917 66.17201600
-65.66574975 17.38345713 76.04020862
-6.05135647 15.28219461 -45.18262465
-4.04684047 -30.66362901 83.51720457
-60.62873959 1.67656241 4.51093540
-113.98087064 -123.02044848 31.46105442
-2.78426677 -116.61879170 64.21126186
-32.52838828 -100.17449938 55.65127271
-43.68804036 -31.07964350 -22.70353646
-11.04335824 50.50840671 -26.66775083
115.70279460 59.46871919 -21.34893848
-17.95879494 38.03648127 56.87375689
-18.51777688 8.36672256 -0.28583784
-156.95074700 -7.49675259 63.95869859
-142.62785323 -12.88365928 -33.17812857
44.50008848 18.51285840 29.91545013
-36.95711348 -79.84795630 5.92547085
-68.28434023 -94.32320751 2.53273408
-79.90921287 7.19975240 -14.88005660
-26.15180011 56.78006033 -10.11841842
-2.03295586 64.12606871 147.77924659
-14.98388389 34.43688878 -10.74771975
-62.71020922 15.21634744 -0.34105342
-49.90237947 38.50262340 -140.04529307
-48.97092992 -0.95021136 -77.33079646
-96.74347299 65.04833203 -55.27474385
28.15097562 29.37606713 17.00666351
51.50356093 -70.59663402 -42.49245456
-10.50845531 -19.19280180 -30.12958266
9.96947358 39.27106812 -51.93759087
-19.51385012 -55.27487134 -15.74146029
-62.70173263 1.74963720 -70.54939185
-60.13575598 -2.69045486 -31.31432882
-45.85317409 77.48114780 20.97525112
64.50405980 25.97704856 29.80278996
-5.57242016 -138.06893006 70.05518303
23.58058326 -84.18967698 9.49336634
-61.11476596 -72.21061520 62.16548936
-7.70952742 54.67259499 95.31947719
-48.56605939 22.94303502 -91.27065806
-20.13830617 74.42932412 67.89768638
12.97993992 55.31533829 -2.59240410
-24.17247002 133.97801664 18.53575652
-22.16878681 -1.60611535 -76.43359762
-30.99022238 -36.14591773 -65.00352571
56.34159306 -125.23804685 -110.24842422
14.76515410 -110.57170106 -97.15857997
83.48228375 -40.86251938 29.74437128
52.39594135 43.90847340 -5.88980014
-58.97825937 128.52937193 -30.51586633
-28.29754460 46.07415223 -21.44302975
-82.89795715 -40.44447916 29.31014644
-31.13160625 87.49645822 -78.49898210
56.39990842 -51.31726023 -6.99058630
-11.28235399 27.34735359 -20.79031938
29.02783950 -56.67466739 -36.47325454
-89.47039812 -115.78347598 38.96409266
-20.94917817 23.98445675 44.18536252
-72.40222808 81.07933223 -66.98454875
-14.98678460 73.34864124 -0.94306857
72.62965329 -25.77319155 -40.26799463
33.95210150 -8.09138117 -84.42203975
-51.23066981 7.03755801 -83.80240657
-19.84532257 73.62575758 -50.69972860
115.74949208 -44.33313985 -28.43867139
62.62251511 -58.75319750 -60.42419876
-0.59706348 86.31829682 29.70070175
-28.71514511 -46.45346721 -92.04626979
24.55908599 88.37786974 30.67980370
76.79686296 27.18114621 -54.61056117
17.83149665 81.64979670 -25.16756341
52.70018843 -28.49312387 20.60082481
-20.90279478 -6.29415349 -19.65708954
32.68140832 -6.29624706 -50.90563541
30.43647767 -18.87382524 -45.26342514
60.14645685 2.97531311 -68.04526650
69.41185656 -76.95572545 -48.91098697
-50.79818640 -55.27188169 -16.85370591
11.14336883 18.78477198 50.91816727
-57.56283139 -40.17980114 -70.25167356
-7.99047536 147.91696985 34.89122928
95.12011284 56.90632515 -90.89626254
49.10626152 74.17654010 -191.81395893
-3.35286461 -98.24313838 28.34028952
7.26251973 -7.40935763 -18.11207547
-35.70294930 -68.60129020 -19.38655773
4.47013446 -153.12663283 11.53378954
-0.10434368 -94.86764801 -12.70197684
-27.24584120 70.85795640 26.87683947
79.14609882 164.94559636 100.94298298
102.60876665 14.14520252 -60.81755280
39.37584736 69.50208367 -2.34029666
68.97722585 14.74827782 -60.09643519
22.84062390 -74.61822675 32.13160655
43.48594496 -19.81250535 -108.18282157
26.55267889 -40.58631804 -82.65825512
-43.66694584 -61.97857997 -43.55142254
-62.87776009 -87.20931346 -28.42754869
-7.34290379 -41.22803268 45.78672515
3.74660867 79.33967976 -36.93004971
61.76531176 20.99319179 -20.73752640
103.73220082 -27.14662518 -13.38158666
45.37285079 23.41782299 66.73436369
94.45797242 94.51924199 -77.88072462
-14.32634102 18.71973538 50.73260664
-14.79716531 -104.00475775 -17.79595313
80.60290397 -61.61225142 -57.88727336
-30.37934852 -74.21973852 65.04804704
-40.40755382 -30.95738713 -5.64158049
-15.00115651 127.57470492 -38.84897981
22.40772099 73.72352706 3.20051569
125.35221722 31.04964956 35.37030207
114.87385865 -25.38048970 -0.59200697
46.93547447 -46.33942163 41.69400299
31.49274336 -45.92951490 25.47207819
70.18365840 19.00187127 -34.09479064
-11.62746714 -7.52346036 45.51094856
-44.94509924 -59.89409652 -17.26773785
5
0
1000 960 540
-0.00754527 0.00066651 -0.99997131
0.00622526 0.99998043 0.00061954
-0.99995216 0.00622041 0.00754927
-0.33518196 0.27813263 198.76728026
960.00000000 790.00000000 901.30795011 709.52127984
960.00000000 796.88840770 1002.58157462 709.13409119
960.00000000 768.17872510 1353.24172963 772.08507396
960.00000000 699.54181652 1572.13459673 1168.40491226
960.00000000 597.59107992 554.98267420 1077.48905932
960.00000000 482.40892008 968.13591493 544.06315180
960.00000000 380.45818348 814.67455348 351.12273367
960.00000000 311.82127490 1858.20688948 1094.06772521
960.00000000 283.11159230 1504.65466837 -90.04187580
960.00000000 290.00000000 981.54936664 -104.03903399
960.00000000 790.00000000 1197.58814219 373.27193535
929.79371329 795.59355199 945.37570823 777.36811836
898.46983782 765.83588451 1104.35117523 634.61136043
871.59793002 697.18830408 898.56739551 562.88720738
855.79235725 596.58961826 131.05634762 258.14715371
855.79235725 483.41038174 620.73401264 -1.23905694
871.59793002 382.81169592 1016.25483242 321.96215817
898.46983782 314.16411549 703.71869817 726.31742548
929.79371329 284.40644801 778.54959030 295.47297806
960.00000000 290.00000000 1014.01764968 85.02804574
960.00000000 790.00000000 993.10453444 670.16913110
903.68160911 791.92169434 1235.23639298 664.29623634
846.96348372 759.32413900 756.10635254 846.72648004
799.61697670 690.75751407 710.09713130 -203.72069611
772.31464108 593.88034467 566.30767201 356.77738773
772.31464108 486.11965533 437.73134429 260.40469915
799.61697670 389.24248593 1318.98798693 -41.24943393
846.96348372 320.67586100 579.26419919 147.90209840
903.68160911 288.07830566 1102.59108226 328.94734862
960.00000000 290.00000000 883.40534979 444.43494014
960.00000000 790.00000000 1299.94674751 917.73599045
884.90614955 786.44878146 928.19188872 1127.46825650
812.50629433 749.96559010 574.00293558 973.76077900
754.40164623 681.79051357 899.34679900 1028.57499810
721.81392593 590.16759794 659.70271318 127.75300190
721.81392593 489.83240206 578.89797867 702.46862851
754.40164623 398.20948643 978.84750408 437.63947171
812.50629433 330.03440990 668.48383609 430.42781731
884.90614955 293.55121854 645.51417360 307.53679266
960.00000000 290.00000000 1258.97368322 406.29815688
960.00000000 790.00000000 909.65051488 897.64918210
875.33424046 779.95997393 964.76322259 786.89079494
797.82268657 739.37625634 537.86858425 867.89682753
738.33750906 672.01657077 756.19379519 612.46113688
705.97899964 586.20460464 618.65997084 691.24751712
705.97899964 493.79539536 1306.76536358 743.23205173
738.33750906 407.98342923 796.97881434 46.19235675
797.82268657 340.62374366 188.89355944 983.39984861
875.33424046 300.04002607 1248.36810800 710.73047808
960.00000000 290.00000000 783.51589600 418.16180016
960.00000000 790.00000000 849.22566809 693.87929353
875.38447321 773.27600501 740.94874582 740.24115756
801.94933009 729.00299473 28.19802480 576.14274436
748.02305381 662.80438618 452.10933366 784.09854352
719.52804831 582.54701281 755.28001967 443.77396677
719.52804831 497.45298719 918.94376401 718.00016323
748.02305381 417.19561382 1013.20011390 761.36994793
801.94933009 350.99700527 905.64083792 131.81515555
875.38447321 306.72399499 978.94613161 457.49376355
960.00000000 290.00000000 1135.29083971 239.79630787
960.00000000 790.00000000 1255.95426466 1266.72986962
884.29694049 767.12219338 759.54404466 680.89519465
821.76152404 719.89844819 506.25114996 292.91318003
777.59311455 654.99861522 879.96962119 542.26242741
754.82615438 579.50506492 886.54164220 505.83532847
754.82615438 500.49493508 907.38227660 12.68554675
777.59311455 425.00138478 667.26211766 728.68714487
821.76152404 360.10155181 733.05538921 15.34940569
884.29694049 312.87780662 1583.22238932 291.33923809
960.00000000 290.00000000 909.51497590 622.72516688
960.00000000 790.00000000 1059.33778754 674.82081219
900.53554578 762.06325345 817.93734136 696.24355816
853.37607955 712.71348452 863.47623310 939.20160986
821.08151818 649.01456607 849.28626692 753.61812358
804.75083969 577.20772874 362.70507553 7.76640245
804.75083969 502.79227126 933.59293157 559.93640251
821.08151818 430.98543393 850.48399483 232.09937617
853.37607955 367.28651548 791.39897514 359.93833225
900.53554578 317.93674655 876.69050000 206.90455539
960.00000000 290.00000000 1142.03152588 478.95306739
960.00000000 790.00000000 192.54042800 548.28388018
922.15037175 758.49263275 29.86812991 1091.94060917
892.98751598 707.79662993 557.68855937 538.83513935
873.43697528 645.00569255 673.83363300 605.25381261
863.67738599 575.68519536 1179.49202518 615.74028070
863.67738599 504.31480464 547.51106772 390.63814573
873.43697528 434.99430745 943.08876371 546.09020138
892.98751598 372.20337007 860.65398783 144.66348439
922.15037175 321.50736725 639.09650869 -37.79294396
960.00000000 290.00000000 718.51001219 107.00011159
960.00000000 790.00000000 1053.67080845 411.58854328
947.02097022 756.65105270 1085.99284871 781.51850143
937.16899270 705.30880463 1202.31591865 1265.90817596
930.63518459 643.00328860 697.58616394 715.89171812
927.39453621 574.92959869 960.44146647 579.24482189
927.39453621 505.07040131 782.78987099 517.09958596
930.63518459 436.99671140 1059.42473939 500.37701128
937.16899270 374.69119537 762.25640658 663.44704734
947.02097022 323.34894730 934.34932777 200.83890896
960.00000000 290.00000000 950.93560367 185.50253817
960.00000000 790.00000000 1014.38587251 565.02132629
972.97902978 756.65105270 1004.48646247 792.61707772
982.83100730 705.30880463 228.20867210 858.72059102
989.36481541 643.00328860 1009.31768105 701.83766780
992.60546379 574.92959869 961.87014970 597.74279113
992.60546379 505.07040131 1525.29572459 694.86243872
989.36481541 436.99671140 1273.02230049 535.85335850
982.83100730 374.69119537 1148.53644006 758.91750719
972.97902978 323.34894730 857.41817755 714.57218183
960.00000000 290.00000000 1244.76867320 62.04892697
960.00000000 790.00000000 1102.91994180 449.06751343
997.84962825 758.49263275 1233.26658508 749.79707235
1027.01248402 707.79662993 1031.23495946 286.91252440
1046.56302472 645.00569255 1230.88713271 546.10740572
1056.32261401 575.68519536 1081.51771604 529.15111871
1056.32261401 504.31480464 874.73400916 855.93314127
1046.56302472 434.99430745 732.70072178 738.09966761
1027.01248402 372.20337007 614.73005066 -135.35783510
997.84962825 321.50736725 902.41414279 60.66365059
960.00000000 290.00000000 721.11554561 261.91912187
960.00000000 790.00000000 499.56296392 804.82483683
1019.46445422 762.06325345 1330.01723176 632.63878978
1066.62392045 712.71348452 650.60711393 879.37892438
1098.91848182 649.01456607 971.79973985 839.12871771
1115.24916031 577.20772874 876.93733233 1138.96109775
1115.24916031 502.79227126 1306.09990768 533.13217484
1098.91848182 430.98543393 1243.25222558 382.38472925
1066.62392045 367.28651548 1736.90514129 -345.36878270
1019.46445422 317.93674655 1489.27310508 -63.89277075
960.00000000 290.00000000 693.33331198 192.56217613
960.00000000 790.00000000 995.39075333 843.59832181
1035.70305951 767.12219338 1078.88916937 1037.14687196
1098.23847596 719.89844819 1053.98135399 743.18810773
1142.40688545 654.99861522 856.86518475 395.61439136
1165.17384562 579.50506492 1301.33167453 920.81707345
1165.17384562 500.49493508 1003.63050607 183.01383915
1142.40688545 425.00138478 1057.86573323 671.11272689
1098.23847596 360.10155181 1172.16725701 207.45705398
1035.70305951 312.87780662 825.53417581 136.82779737
960.00000000 290.00000000 758.61224718 649.71515116
960.00000000 790.00000000 1207.99606104 838.20863045
1044.61552679 773.27600501 963.59391839 883.28013040
1118.05066991 729.00299473 1273.23580108 340.54102213
1171.97694619 662.80438618 1470.71285543 493.36579400
1200.47195169 582.54701281 1296.22225863 567.84492794
1200.47195169 497.45298719 1191.20682985 877.22870456
1171.97694619 417.19561382 1289.56283162 14.74029928
1118.05066991 350.99700527 1400.23736320 110.50787457
1044.61552679 306.72399499 810.22898364 972.77562222
960.00000000 290.00000000 1365.71867927 335.09588129
960.00000000 790.00000000 782.04482163 1047.60499847
1044.66575954 779.95997393 1401.23945895 769.21866180
1122.17731343 739.37625634 1096.55678344 992.52244230
1181.66249094 672.01657077 813.80108710 349.14755326
1214.02100036 586.20460464 1048.73122957 511.94205127
1214.02100036 493.79539536 1263.73657383 504.71122195
1181.66249094 407.98342923 1226.18142186 430.19154766
1122.17731343 340.62374366 1446.91100219 565.95885425
1044.66575954 300.04002607 1333.50461565 -53.52426757
960.00000000 290.00000000 1027.70385159 317.91601787
960.00000000 790.00000000 687.18532797 641.86515974
1035.09385045 786.44878146 1235.18226566 382.28835423
1107.49370567 749.96559010 791.36297124 1252.52983739
1165.59835377 681.79051357 1829.91028902 1098.64748086
1198.18607407 590.16759794 2245.69012972 1042.02938897
1198.18607407 489.83240206 817.65200021 54.35143803
1165.59835377 398.20948643 1052.60101509 502.90505276
1107.49370567 330.03440990 1042.40641463 246.89430157
1035.09385045 293.55121854 897.93977241 -249.99644544
960.00000000 290.00000000 1022.08315320 62.68897583
960.00000000 790.00000000 841.05981168 853.17019159
1016.31839089 791.92169434 121.84861300 1905.38662867
1073.03651628 759.32413900 1583.38887115 696.84087566
1120.38302330 690.75751407 970.97736192 978.16667336
1147.68535892 593.88034467 1417.76297427 659.12325402
1147.68535892 486.11965533 773.96247993 117.83758535
1120.38302330 389.24248593 1656.51936553 414.75792137
1073.03651628 320.67586100 1439.12683357 305.41703639
1016.31839089 288.07830566 1139.97498077 283.51062088
960.00000000 290.00000000 1069.27366702 205.22209289
960.00000000 790.00000000 736.46515900 341.32575196
990.20628671 795.59355199 1147.56017439 947.79812387
1021.53016218 765.83588451 1105.64066252 697.99923973
1048.40206998 697.18830408 1089.20987651 263.21992179
1064.20764275 596.58961826 522.50506265 695.92284031
1064.20764275 483.41038174 1697.13709542 1453.92768820
1048.40206998 382.81169592 721.48137088 628.67239521
1021.53016218 314.16411549 1042.25579731 52.04746154
990.20628671 284.40644801 1444.89287058 21.31185321
960.00000000 290.00000000 675.49368422 216.71380364
960.00000000 790.00000000 983.39726225 410.53660511
960.00000000 796.88840770 1140.66580071 1136.13607146
960.00000000 768.17872510 939.32893696 959.25059551
960.00000000 699.54181652 464.20973864 974.87962757
960.00000000 597.59107992 952.51388063 248.76395983
960.00000000 482.40892008 680.71079623 238.78706267
960.00000000 380.45818348 804.03426663 268.20950639
960.00000000 311.82127490 1218.79574549 693.33405685
960.00000000 283.11159230 742.79986178 505.40255746
960.00000000 290.00000000 1030.85010602 293.68632568
1
1000 960 540
0.70485173 -0.01622671 -0.70916905
0.01408867 0.99986136 -0.00887522
-0.70921474 0.00373553 -0.70498262
2.11754307 -0.33952286 200.21754119
960.00000000 790.00000000 911.46352275 712.62255186
1024.35198851 790.04092738 863.97618068 708.56510420
1088.19686212 756.06223424 1219.96717903 717.80259413
1140.76734354 687.59591794 1619.30908147 904.54213099
1170.78723291 592.56274913 1295.20266874 1087.59895421
1170.78723291 487.43725087 913.73219169 540.63189742
1140.76734354 392.40408206 886.24199645 328.68249636
1088.19686212 323.93776576 1551.64952780 846.48228679
1024.35198851 289.95907262 1526.77349497 152.42253898
960.00000000 290.00000000 1350.55003293 7.35377516
960.00000000 790.00000000 1214.53140628 404.87468465
1000.67830339 794.47082893 825.58603667 786.89656326
1042.48591080 763.82432612 987.61572178 625.79264589
1078.05055102 695.18453272 1071.51556551 559.67380730
1098.84059102 595.74119389 795.10724252 70.41200423
1098.84059102 484.25880611 900.19311665 -110.53570731
1078.05055102 384.81546728 1090.78030365 337.38445139
1042.48591080 316.17567388 559.61372676 774.05986882
1000.67830339 285.52917107 594.75886505 228.27314214
960.00000000 290.00000000 1026.08755837 105.74020066
960.00000000 790.00000000 790.93102654 672.71895797
971.55692996 796.70408807 1194.89508195 640.24652017
983.64800002 767.84371788 866.32625699 881.11193659
994.10816483 699.20397152 1808.80023504 10.41449616
1000.29882087 597.44699047 473.78878745 266.66264815
1000.29882087 482.55300953 938.68102433 173.90971091
994.10816483 380.79602848 1427.06480947 136.08434909
983.64800002 312.15628212 733.17581958 23.30938033
971.55692996 283.29591193 888.95793170 332.33142875
960.00000000 290.00000000 779.73725574 429.02272702
960.00000000 790.00000000 1329.16642280 819.71017365
940.85052697 796.37822291 1020.82103624 1113.74008750
920.86797128 767.25267670 181.27498771 1208.34419763
903.62348000 698.60899411 1072.58290746 1012.07414379
893.43625225 597.19350483 818.68463502 35.80496938
893.43625225 482.80649517 263.38513264 776.03732739
903.62348000 381.39100589 772.50049502 426.18274594
920.86797128 312.74732330 562.70858171 386.35644553
940.85052697 283.62177709 830.71415636 252.55369825
960.00000000 290.00000000 1016.52358916 422.99961166
960.00000000 790.00000000 881.26646651 911.38190318
912.76141393 793.54705864 852.18290691 792.46894524
864.56745168 762.18285631 386.11175221 1018.94470628
823.85124163 693.56088722 887.24287667 616.10224681
800.16840722 595.05654487 249.64002635 755.81420604
800.16840722 484.94345513 1556.70556342 675.51008103
823.85124163 386.43911278 894.05946086 -8.13594743
864.56745168 317.81714369 1071.61366390 1146.78123861
912.76141393 286.45294136 1164.09258920 678.78800127
960.00000000 290.00000000 894.06186579 400.48552963
960.00000000 790.00000000 495.55830808 724.30679991
890.93585787 788.66483118 363.86257588 804.49605979
823.16310906 753.70627848 424.16780723 593.06623095
767.90849386 685.33665083 866.55756484 851.43615746
736.57596259 591.62692759 568.07255974 410.03355342
736.57596259 488.37307241 825.46141550 726.02994332
767.90849386 394.66334917 799.98048142 766.12804075
823.16310906 326.29372152 814.01085060 92.84990191
890.93585787 291.33516882 1079.38803444 460.40642600
960.00000000 290.00000000 1069.59634835 272.24039770
960.00000000 790.00000000 1425.65372784 1059.20940495
877.78900815 782.45921482 1074.86837682 682.05760142
801.00878906 743.39218490 855.70767063 215.94463092
741.07480987 675.67810928 839.15703886 537.79688655
708.09597326 587.67915562 997.69706774 502.14037180
708.09597326 492.32084438 820.74990546 -34.54895191
741.07480987 404.32189072 255.65313485 805.69816181
801.00878906 336.60781510 953.61793842 -44.39170378
877.78900815 297.54078518 1315.87681283 374.52355535
960.00000000 290.00000000 823.42225849 624.42457157
960.00000000 790.00000000 1198.76236448 655.28571495
874.26506229 775.75619817 697.52527316 717.29432196
798.36699988 732.79139901 687.49600088 995.11878529
741.72567131 666.12848663 556.51064180 793.56223533
711.47986204 583.85827113 312.71125681 -372.59669275
711.47986204 496.14172887 954.89186922 556.76604529
741.72567131 413.87151337 683.02535486 174.49862188
798.36699988 347.20860099 464.15883971 298.18958930
874.26506229 304.24380183 1000.89986290 198.37756308
960.00000000 290.00000000 1060.77166965 484.42494458
960.00000000 790.00000000 1458.00405461 545.06181352
880.00140424 769.32808112 -515.76538883 1952.00418310
812.73611152 723.11481188 796.01964429 530.94057153
764.56761033 657.72715709 450.93786025 619.90572574
739.52195209 580.56251434 1085.39743029 604.53070031
739.52195209 499.43748566 547.31969559 319.33188800
764.56761033 422.27284291 777.35336388 541.84381239
812.73611152 356.88518812 578.68737231 55.40050333
880.00140424 310.67191888 682.09338304 -211.18038423
960.00000000 290.00000000 640.68989884 -12.33264885
960.00000000 790.00000000 911.14726912 411.18578333
893.70566967 763.80348062 1014.73064812 761.29704225
840.38623578 715.15556664 1693.30042513 996.71532563
803.48698842 651.03148220 662.36598629 753.48920997
784.70671768 577.97872326 909.11682461 576.36839878
784.70671768 502.02127674 382.90285993 500.15896842
803.48698842 428.96851780 730.02479262 494.00134743
840.38623578 364.84443336 1041.06380595 665.52576045
893.70566967 316.19651938 839.08115313 176.18478520
960.00000000 290.00000000 772.26415176 152.04424157
960.00000000 790.00000000 796.31359987 561.93462286
913.54754698 759.63888828 915.50274739 788.34804245
877.42248782 709.36150987 -116.13124386 1178.96132408
853.03991197 646.27413447 953.68235704 695.46505675
840.81832822 576.16551854 788.20142455 597.12171328
840.81832822 503.83448146 1156.22792467 655.69410225
853.03991197 433.72586553 1037.57958900 535.53236418
877.42248782 370.63849013 869.33440874 747.20473317
913.54754698 320.36111172 1015.96231317 713.88880909
960.00000000 290.00000000 1320.42328204 178.93642677
960.00000000 790.00000000 1031.61809333 455.17935853
937.45027442 757.12932530 1157.20788209 711.92690324
920.26689893 705.95182078 961.88246867 292.20077685
908.83907551 643.51918549 986.91707812 543.91479318
903.16163110 575.12395947 891.98862418 526.41573608
903.16163110 504.87604053 747.69012400 889.60995036
908.83907551 436.48081451 1154.87276816 736.75654527
920.26689893 374.04817922 640.74166081 -361.62091079
937.45027442 322.87067470 1035.76819097 62.51604132
960.00000000 290.00000000 539.50963098 169.24510248
960.00000000 790.00000000 442.29259968 924.81897945
963.25537982 756.43286408 1067.79221847 615.98399620
965.72206304 705.01617503 591.92624818 978.51534831
967.35588419 642.76888968 1023.23534275 825.80734738
968.16561570 574.84136140 812.34208499 1189.99356916
968.16561570 505.15863860 1110.92465773 534.14650923
967.35588419 437.23111032 1060.63567496 404.34564254
965.72206304 374.98382497 1473.85034966 18.81971802
963.25537982 323.56713592 1282.77672806 114.03542813
960.00000000 290.00000000 1298.05879060 203.98677887
960.00000000 790.00000000 1214.00204836 804.99563690
988.78858622 757.59080122 884.63961881 1023.30702736
1010.80839497 706.57430411 945.69916391 733.22828229
1025.49229122 644.01970528 639.07577319 362.80772270
1032.79918090 575.31273261 1083.84219073 854.43985913
1032.79918090 504.68726739 1248.93634889 232.07845461
1025.49229122 435.98029472 997.96448639 661.22088118
1010.80839497 373.42569589 1200.64136028 265.67080349
988.78858622 322.40919878 592.27187904 40.72779633
960.00000000 290.00000000 718.86380784 664.74171389
960.00000000 790.00000000 950.88048718 808.48928471
1011.87699375 760.53386509 917.65838085 883.72639865
1052.51376265 710.59220025 1424.89237716 400.29055759
1080.08786720 647.27656539 1325.19842753 509.43360496
1093.95384437 576.54603866 1045.65136763 562.72586530
1093.95384437 503.45396134 1051.44478843 833.42224896
1080.08786720 432.72343461 1717.85371391 229.99689015
1052.51376265 369.40779975 1414.43530796 249.02675060
1011.87699375 319.46613491 844.64500230 1016.01620148
960.00000000 290.00000000 1127.92056047 377.45482538
960.00000000 790.00000000 936.69868924 1085.50531141
1030.37328832 765.07203374 1472.79311585 694.07660905
1087.55485835 716.95507938 1111.78204389 937.69472184
1127.43448206 652.52883803 1129.46146057 349.26623359
1147.82918304 578.55328593 966.23264039 510.49572547
1147.82918304 501.44671407 1248.18674335 513.12086765
1127.43448206 427.47116197 1225.95795091 452.67109519
1087.55485835 363.04492062 1411.09471244 559.88238708
1030.37328832 314.92796626 1429.68266901 130.28455314
960.00000000 290.00000000 875.94593328 313.43513370
960.00000000 790.00000000 791.02605022 655.96864458
1042.24212094 770.87205589 1001.37683470 399.85294029
1112.25575580 725.39718084 791.39764038 1349.14666254
1162.88418236 659.68245756 1633.43647294 837.92341144
1189.37304538 581.32416515 1530.15255986 793.31564004
1189.37304538 498.67583485 857.12086835 -2.48738141
1162.88418236 420.31754244 1057.21140436 503.98218643
1112.25575580 354.60281916 925.74078653 250.13857506
1042.24212094 309.12794411 957.73637373 -274.91425758
960.00000000 290.00000000 1020.27633618 84.82301483
960.00000000 790.00000000 774.31255816 887.93896784
1045.75538508 777.43434221 737.55559213 2781.01790226
1122.69677078 735.39498126 1648.73109731 632.67320360
1180.75559557 668.43964454 1134.53134447 940.27558286
1211.98504272 584.77561251 1440.67065130 622.13857204
1211.98504272 495.22438749 939.14715277 74.96884499
1180.75559557 411.56035546 1407.16470218 464.35354086
1122.69677078 344.60501874 1294.48082579 373.77308451
1045.75538508 302.56565779 972.34377247 300.99286240
960.00000000 290.00000000 882.02333306 206.68632910
960.00000000 790.00000000 758.49026923 296.80051275
1039.81425949 784.08957806 1092.47725858 894.50025765
1115.33156646 746.05388534 1310.75945250 666.84771447
1174.94635510 678.13510875 1586.28859506 349.51696698
1208.00235664 588.67536255 847.61697895 730.96578210
1208.00235664 491.32463745 1609.35563324 1050.32720708
1174.94635510 401.86489125 706.61340558 641.47286464
1115.33156646 333.94611466 986.90245394 71.65186084
1039.81425949 295.91042194 1509.91607330 211.65942608
960.00000000 290.00000000 594.33449205 109.80504821
960.00000000 790.00000000 866.07147136 403.31408022
1024.35198851 790.04092738 1031.31475257 1073.47189151
1088.19686212 756.06223424 1039.22173651 943.96597865
1140.76734354 687.59591794 1710.14547721 911.78349709
1170.78723291 592.56274913 1664.78172305 337.65810231
1170.78723291 487.43725087 1006.47471973 202.34636857
1140.76734354 392.40408206 1003.79580877 251.77435579
1088.19686212 323.93776576 1392.29719978 654.30058717
1024.35198851 289.95907262 743.21138067 492.19954924
960.00000000 290.00000000 893.02631308 291.25170328
2
1000 960 540
0.99999299 -0.00295302 0.00230243
0.00295397 0.99999555 -0.00040773
0.00230122 -0.00041452 -0.99999727
2.05727811 -2.30998702 199.11689116
960.00000000 790.00000000 949.57352282 709.77916921
1045.50503583 774.92315520 753.56530781 725.57835255
1120.69690242 731.51111078 1017.08871053 688.10193686
1176.50635095 665.00000000 1344.48307755 769.12833232
1206.20193825 583.41204442 1556.91160271 892.03542043
1206.20193825 496.58795558 875.26865779 531.84951067
1176.50635095 415.00000000 1005.15695616 311.77234376
1120.69690242 348.48888922 1209.26893936 750.19767463
1045.50503583 305.07684480 1276.52586641 251.24035329
960.00000000 290.00000000 1338.05477154 133.15390080
960.00000000 790.00000000 1095.39073689 412.16808116
1043.18154290 781.63168184 757.43533862 819.66811885
1120.35704267 742.05392043 856.97020411 621.02698366
1180.25957720 674.45190105 1147.82772123 545.67412990
1213.09485564 587.18401162 1768.01594039 170.70414186
1213.09485564 492.81598838 1236.52518312 -78.18370150
1180.25957720 405.54809895 1071.55272653 343.09842591
1120.35704267 337.94607957 639.12899300 857.38024637
1043.18154290 298.36831816 535.42590673 93.97722929
960.00000000 290.00000000 986.07630078 105.54230671
960.00000000 790.00000000 618.07657490 699.12136497
1031.21560882 787.94478905 1052.98550785 618.21695543
1100.69979823 752.48369336 1059.38004166 874.87970146
1157.05902966 684.17214991 1675.66074408 241.37403893
1188.90266672 591.14642528 776.04240840 152.76790405
1188.90266672 488.85357472 1468.31431156 224.27607485
1157.05902966 395.82785009 1251.80814733 226.03380711
1100.69979823 327.51630664 1123.98830387 -17.52838764
1031.21560882 292.05521095 671.21439056 291.04178064
960.00000000 290.00000000 748.72261458 399.89073205
960.00000000 790.00000000 1174.21623848 751.37262369
1010.37259007 793.03596276 1074.58508785 1068.78274211
1061.55508669 761.27991037 -86.13484432 1989.92854867
1104.63269471 692.67210244 1155.55058961 948.13871819
1129.62052365 594.68283302 1107.99976609 13.85023283
1129.62052365 485.31716698 201.99229229 984.74825100
1104.63269471 387.32789756 590.77080103 390.04497070
1061.55508669 318.72008963 712.33840524 324.92388659
1010.37259007 286.96403724 1143.44824773 240.79275191
960.00000000 290.00000000 760.84152980 407.73594239
960.00000000 790.00000000 899.34036935 929.77670704
982.88734550 796.15552957 781.16307696 819.79577325
1006.72803252 766.84966545 700.40971399 1245.66837582
1027.26732070 698.20408028 1079.74531685 604.51791742
1039.38589283 597.02119077 -41.37180338 983.46715481
1039.38589283 482.97880923 1369.64102773 617.08973440
1027.26732070 381.79591972 1029.37099645 -28.86592189
1006.72803252 313.15033455 1763.94429882 918.80176986
982.88734550 283.84447043 1005.66724109 656.82800712
960.00000000 290.00000000 1052.65491023 388.49068949
960.00000000 790.00000000 71.82836357 856.94448087
952.28131812 796.80639684 -84.28284491 1053.93765289
944.19930456 768.02960538 1870.17163902 562.97423505
937.20199248 699.39137934 1416.76964856 793.64885204
933.05838179 597.52690540 528.89138301 348.01726356
933.05838179 482.47309460 790.67474487 745.87312935
937.20199248 380.60862066 611.82768434 814.68529336
944.19930456 311.97039462 771.55760161 10.35245039
952.28131812 283.19360316 1089.74321379 456.00057366
960.00000000 290.00000000 947.94552893 269.83475119
960.00000000 790.00000000 1287.79237711 906.66379213
922.73505253 794.88117473 1267.66258374 646.94710652
884.31012023 764.55741491 1337.82799141 232.21317453
851.52246892 695.91298264 860.24469293 528.75145908
832.31278949 596.04918284 1073.95001085 492.78726964
832.31278949 483.95081716 778.06905148 -135.06086606
851.52246892 384.08701736 -260.21854893 1120.15777945
884.31012023 315.44258509 1167.38916036 -19.19538543
922.73505253 285.11882527 1021.85963986 388.23255922
960.00000000 290.00000000 796.98192799 628.90211747
960.00000000 790.00000000 1167.24050511 625.13836357
898.20138131 790.69382740 701.38332208 756.70547099
836.56999888 757.18905907 608.83711132 1129.99521788
785.58127103 688.68365587 285.47983583 933.03335312
756.36646792 593.01500497 1053.01958365 -722.90578011
756.36646792 486.98499503 973.60747891 546.98811181
785.58127103 391.31634413 596.00397730 50.27991208
836.56999888 322.81094093 111.38096825 119.71876667
898.20138131 289.30617260 1081.63620169 204.31362569
960.00000000 290.00000000 934.07861135 476.14757217
960.00000000 790.00000000 1819.81722970 522.82671357
881.61043143 784.88913883 1689.14178601 3339.93922613
806.96681364 747.37156667 1227.18269230 517.75986688
747.71311039 679.36048994 443.52583369 660.79878783
714.73149817 589.17424122 943.03909792 593.10599437
714.73149817 490.82575878 945.23665953 254.37249385
747.71311039 400.63951006 658.83848315 535.81228711
806.96681364 332.62843333 294.18540250 -210.57299389
881.61043143 295.11086117 958.26044361 -341.54619265
960.00000000 290.00000000 750.51509377 -175.33900557
960.00000000 790.00000000 772.42754058 388.87530487
874.45724116 778.27658028 919.26008507 753.41732340
797.18845441 736.71416924 1492.53541454 800.56652726
738.55515501 669.61907612 848.29600774 790.72818332
706.89941179 585.24555290 877.30531951 570.10741820
706.89941179 494.75444710 -187.79398062 463.61729325
738.55515501 410.38092388 353.85836165 472.74457130
797.18845441 343.28583076 1235.08738724 636.41113372
874.45724116 301.72341972 780.59525692 114.04270426
960.00000000 290.00000000 624.35835739 47.11341666
960.00000000 790.00000000 595.62563319 561.79388338
876.83162536 771.66281010 843.88655603 800.08265798
805.57919947 726.57619999 963.41518325 1743.53543370
753.79479557 660.69880466 897.78858429 692.92873525
726.61357187 581.72134903 655.45419104 603.82699519
726.61357187 498.27865097 817.59150518 646.48629339
753.79479557 419.30119534 789.59624732 527.79263967
805.57919947 353.42380001 586.17390127 785.82651394
876.83162536 308.33718990 1125.56866610 688.99947127
960.00000000 290.00000000 1182.00437789 239.13244432
960.00000000 790.00000000 923.07729402 446.11418639
887.74120212 765.73660129 1006.96520209 687.42047477
828.71258357 717.90440019 879.33649215 271.72208999
787.37645037 653.32260083 734.37157093 537.34042374
766.18315497 578.85862318 707.53035422 517.57082458
766.18315497 501.14137682 712.94898487 961.48934473
787.37645037 426.67739917 1352.75341506 680.72043122
828.71258357 362.09559981 937.18093654 -547.65658458
887.74120212 314.26339871 1096.56527009 84.39793467
960.00000000 290.00000000 531.02955003 -6.08071905
960.00000000 790.00000000 906.08398736 1044.06807102
905.51647025 761.01925401 798.81566617 610.71684134
862.67012026 711.26294100 821.64370111 1089.26512848
833.51232144 647.82471918 1033.70656711 802.96597510
818.82409518 576.75446386 835.50295004 1269.14310149
818.82409518 503.24553614 886.37895279 525.66091380
833.51232144 432.17528082 850.27030002 394.12324980
862.67012026 368.73705900 1149.03283424 128.63672890
905.51647025 318.98074599 1017.11105825 159.38229544
960.00000000 290.00000000 1465.52715275 286.80133134
960.00000000 790.00000000 1224.78416694 743.57692123
928.14719581 757.86372184 709.95876908 1089.40296848
903.72964411 706.94339711 840.14323641 738.15845504
887.42073424 644.31699256 484.54260958 286.44580047
879.29742704 575.42495172 853.64899719 846.75225016
879.29742704 504.57504828 1244.07183937 280.82250996
887.42073424 435.68300744 917.45836814 653.75999699
903.72964411 373.05660289 1092.24819190 290.15402457
928.14719581 322.13627816 416.35260920 -199.85512548
960.00000000 290.00000000 838.21773058 679.43292137
960.00000000 790.00000000 693.96832044 835.53259246
953.49348935 756.47654125 894.25751258 894.98097043
948.56159339 705.07471806 1271.69230138 423.73769360
945.29409448 642.81576417 1086.36145679 503.80152655
943.67445715 574.85900332 785.36397493 556.30269658
943.67445715 505.14099668 887.43639304 825.40645716
945.29409448 437.18423583 1477.34234674 336.83388301
948.56159339 374.92528194 1209.17748239 305.68693773
953.49348935 323.52345875 967.51983296 1035.89379579
960.00000000 290.00000000 868.17265373 372.33306508
960.00000000 790.00000000 1116.86994246 1051.27291164
979.38356844 756.94120173 1269.76699969 638.94004007
994.13172952 705.69863967 1047.33983663 894.01410918
1003.92924034 643.31591912 1267.24272684 368.40277194
1008.79353612 575.04735454 873.71930000 500.41738200
1008.79353612 504.95264546 1098.50385971 506.05796180
1003.92924034 436.68408088 1092.72240546 453.78739926
994.13172952 374.30136033 1192.09149022 543.25750172
979.38356844 323.05879827 1248.38718038 221.57043652
960.00000000 290.00000000 734.79659500 272.60271389
960.00000000 790.00000000 1049.47932790 651.23480559
1003.64278614 759.23022804 753.69463886 381.66908415
1037.47073251 708.80214774 921.68285062 1426.82299475
1060.24767278 645.81993925 1293.55154474 729.22320667
1071.64775376 575.99337713 1089.15827890 724.36616211
1071.64775376 504.00662287 954.49564481 -48.80821899
1060.24767278 434.18006075 1002.80773649 495.39456096
1037.47073251 371.19785226 806.70393199 214.94328361
1003.64278614 320.76977196 997.33475133 -288.25327272
960.00000000 290.00000000 970.40242512 81.33249559
960.00000000 790.00000000 812.82589841 937.65893873
1024.10861342 763.20102145 1783.58167164 2196.63773173
1075.42021964 714.30667895 1361.60556276 586.75138541
1110.80035688 650.32842137 1164.55750151 874.00851733
1128.76692739 577.70958707 1233.17443547 588.83637575
1128.76692739 502.29041293 1110.78855099 79.86930764
1110.80035688 429.67157863 1107.53157318 468.59697646
1075.42021964 365.69332105 1061.25605819 388.20452482
1024.10861342 316.79897855 788.82217060 274.53719073
960.00000000 290.00000000 693.42825588 145.63352675
960.00000000 790.00000000 927.00978167 255.78909490
1038.68750144 768.57706950 983.23735248 866.47497877
1104.45262329 722.01395066 1249.61796289 625.79575783
1151.32536285 656.78974000 1457.48014082 403.00901379
1175.62465026 580.19850968 1318.65968915 700.13712626
1175.62465026 499.80149032 1306.55344529 873.79423654
1151.32536285 423.21026000 877.70844063 650.19450839
1104.45262329 357.98604934 902.49713185 49.72788754
1038.68750144 311.42293050 1281.55305156 292.50177365
960.00000000 290.00000000 751.44265003 -31.85500651
960.00000000 790.00000000 773.01601855 376.89380548
1045.50503583 774.92315520 903.62685491 1066.46939735
1120.69690242 731.51111078 1083.78701067 904.80071204
1176.50635095 665.00000000 1736.71378421 717.38681735
1206.20193825 583.41204442 1545.06707505 403.23495630
1206.20193825 496.58795558 1272.44172537 231.98674255
1176.50635095 415.00000000 1154.22573869 262.81769029
1120.69690242 348.48888922 1268.98276427 612.47447370
1045.50503583 305.07684480 898.51441931 475.62859255
960.00000000 290.00000000 762.36147456 251.84549341
3
1000 960 540
0.71093809 0.00945882 0.70319099
0.00457972 0.99982607 -0.01807911
0.70323969 -0.01607355 -0.71077112
-0.31524057 0.42617086 199.25857836
960.00000000 790.00000000 988.71010138 723.00733704
1017.01405313 761.52923395 734.45443120 779.29823665
1062.03557981 711.97016355 800.55101040 710.46657502
1092.76734354 648.40408206 1045.89556733 744.84813000
1108.27730659 576.97502340 1370.34228040 786.39873055
1108.27730659 503.02497660 878.50871016 545.88159534
1092.76734354 431.59591794 1083.44914945 339.67373319
1062.03557981 368.02983645 887.68267866 751.98526751
1017.01405313 318.47076605 997.95800946 302.25923999
960.00000000 290.00000000 1152.97199973 228.29843459
960.00000000 790.00000000 930.26200945 431.41198615
1034.03661750 766.42027679 799.26378644 883.60149305
1094.85118426 718.88579310 757.39075147 648.03478344
1137.61787372 654.14598908 1100.25869333 557.11597792
1159.60238526 579.17591187 1636.81095989 345.66427860
1159.60238526 500.82408813 1296.67945452 74.22799193
1137.61787372 425.85401092 991.67139428 367.59533444
1094.85118426 361.11420690 1057.24268555 907.73248085
1034.03661750 313.57972321 841.00916337 -8.46755457
960.00000000 290.00000000 928.71150371 120.77952264
960.00000000 790.00000000 582.41935455 773.15068539
1043.96041262 772.46453062 880.92359949 632.70195215
1116.35497204 727.77863068 1161.02788604 849.60651721
1169.24020474 661.73977946 1325.66645936 353.56257681
1197.09103028 582.12907237 1324.19879353 193.91970011
1197.09103028 497.87092763 1440.89393203 338.63671013
1169.24020474 418.26022054 1014.80074567 279.69937574
1116.35497204 352.22136932 1324.49162573 107.45840742
1043.96041262 307.53546938 521.49786812 226.24255911
960.00000000 290.00000000 856.51816254 394.82606718
960.00000000 790.00000000 965.07146205 748.74298502
1045.17986536 779.11896253 1050.89239271 1045.07513350
1122.64022862 738.04203605 1252.79974868 2923.12088875
1181.75089948 670.81203426 1108.64659939 910.50033282
1213.78428696 585.72212820 1244.97438245 114.54195482
1213.78428696 494.27787180 1252.45420657 1130.49135930
1181.75089948 409.18796574 562.68242570 352.65482882
1122.64022862 341.95796395 1138.36607591 329.63821181
1045.17986536 300.88103747 1267.23295862 307.24904107
960.00000000 290.00000000 518.31699753 388.61753962
960.00000000 790.00000000 950.88948828 959.40729855
1036.81556016 785.67609045 801.57614523 879.93836523
1110.42066386 748.67649307 1397.42717970 1210.92681429
1169.17246015 680.57996656 1164.45590259 608.03464405
1201.99920445 589.67207105 993.14840394 1313.71167309
1201.99920445 490.32792895 1101.52806628 614.52650274
1169.17246015 399.42003344 1104.10496214 34.95093418
1110.42066386 331.32350693 1560.01108691 763.84621466
1036.81556016 294.32390955 830.67592083 676.49755656
960.00000000 290.00000000 1129.96892014 415.86116567
960.00000000 790.00000000 -117.67611154 1295.26980910
1019.11922279 791.32124588 153.03662066 1788.75958204
1078.37391616 758.27743495 1788.82901622 555.49133466
1127.62097839 689.73871440 1444.94905311 720.85116331
1155.93004701 593.45473365 886.58195994 314.13671357
1155.93004701 486.54526635 856.17012077 787.30478720
1127.62097839 390.26128560 547.41350930 936.47201961
1078.37391616 321.72256505 845.43921676 -41.83511965
1019.11922279 288.67875412 1024.24923377 475.20837126
960.00000000 290.00000000 826.31834369 269.46380904
960.00000000 790.00000000 1061.56171305 864.99062855
993.77188628 795.25573711 1222.68979149 635.93952348
1028.69912511 765.22870415 1397.85806221 330.22843244
1058.58615743 696.58183352 945.60398707 542.04119899
1076.13245162 596.33242244 1068.79929199 509.28619126
1076.13245162 483.66757756 847.25321216 -200.83307851
1058.58615743 383.41816648 408.03964771 2031.19979741
1028.69912511 314.77129585 1201.11322420 89.20055728
993.77188628 284.74426289 728.32286392 394.35255828
960.00000000 290.00000000 869.81818865 654.05532070
960.00000000 790.00000000 1038.44066134 629.10626790
963.86356551 796.86789131 909.28374202 803.89715530
967.91097924 768.14141095 768.26811478 1311.93594813
971.41682241 699.50416453 377.08052804 1243.56153955
973.49360174 597.57501601 1640.99495070 -317.85300326
973.49360174 482.42498399 978.25137670 560.43114664
971.41682241 380.49583547 763.58935686 -62.11973114
967.91097924 311.85858905 272.68007404 -259.98939373
963.86356551 283.13210869 1075.38161884 248.55350940
960.00000000 290.00000000 811.03760438 486.80640708
960.00000000 790.00000000 1498.59524858 537.71338059
933.42443867 795.89374377 2338.84105571 1528.54530435
905.79960715 766.37684040 1357.91973894 532.38760016
882.04726295 697.72982852 1027.19469884 703.34793384
868.05331153 596.81957139 800.24092522 612.70559482
868.05331153 483.18042861 1361.66227425 309.08778270
882.04726295 382.27017148 697.72139810 551.36474613
905.79960715 313.62315960 348.26969676 -712.69025838
933.42443867 284.10625623 1231.95672817 -224.29191740
960.00000000 290.00000000 1066.50986260 -188.74413182
960.00000000 790.00000000 702.76006470 375.62478484
906.59892320 792.49373024 833.87066609 784.98428566
852.57315393 760.32599881 1188.90909151 746.21231053
807.28411920 691.73648741 1147.30256389 796.50546406
781.08920290 594.29024155 886.99012066 586.76099868
781.08920290 485.70975845 -578.47973430 334.59486359
807.28411920 388.26351259 -59.72433402 438.09365392
852.57315393 319.67400119 1211.36321661 628.99261470
906.59892320 287.50626976 823.93154515 72.20634480
960.00000000 290.00000000 642.20587254 -84.28950077
960.00000000 790.00000000 520.19100716 589.03295544
886.77358214 787.20556204 823.81996671 845.96042427
815.74709317 751.23572023 2079.89929194 1214.14346938
758.43881168 682.98899030 867.05222353 718.65941483
726.17773125 590.65950685 670.00680071 638.98961404
726.17773125 489.34049315 451.01481539 696.69922276
758.43881168 397.01100970 552.73053825 542.95688681
815.74709317 328.76427977 326.55886553 929.57143813
886.77358214 292.79443796 1114.65308007 683.43458139
960.00000000 290.00000000 981.55999273 280.81641823
960.00000000 790.00000000 823.50403486 454.47866711
876.00022377 780.79807045 838.87997227 707.69481377
798.58224078 740.71439726 829.54043237 263.48000904
738.83119468 673.23060077 499.72539422 555.41216346
706.20404627 586.69218596 596.78418669 528.99373338
706.20404627 493.30781404 844.45141891 1052.43036712
738.83119468 406.76939923 1259.28235868 657.27789856
798.58224078 339.28560274 1255.59811571 -400.07353497
876.00022377 299.20192955 1066.09991825 141.74056338
960.00000000 290.00000000 953.52904748 -106.11142860
960.00000000 790.00000000 1453.16966423 965.93711963
874.86881660 774.09597860 529.67500772 647.97884179
800.49958120 730.24771464 1209.31147938 1082.04172876
745.59688803 663.89152771 996.36645049 806.73440261
716.48595985 582.97480633 940.83691494 1342.33621226
716.48595985 497.02519367 666.58714769 540.42290214
745.59688803 416.10847229 654.98517711 385.34943196
800.49958120 349.75228536 837.93393375 156.17199438
874.86881660 305.90402140 748.98417804 153.86420407
960.00000000 290.00000000 1295.03574097 369.10423562
960.00000000 790.00000000 1098.60866343 726.46099892
882.74547733 767.84144172 607.77027350 1268.35387321
818.55845008 720.94148540 779.06562484 781.15647705
773.02025268 655.88003452 636.90930694 201.19178333
749.48114147 579.84597447 628.52766533 924.82191446
749.48114147 500.15402553 1100.49205959 333.64759874
773.02025268 424.11996548 849.63838363 676.59778041
818.55845008 359.05851460 936.21983150 315.07231288
882.74547733 312.15855828 619.57368773 -513.80171708
960.00000000 290.00000000 1065.33796716 693.93766101
960.00000000 790.00000000 455.89106195 963.17430843
898.16934513 762.62072445 901.87743970 931.63822553
848.91214783 713.49247932 1041.46921019 453.08341918
815.06754543 649.65605907 834.25858866 518.88219896
797.91776833 577.45258449 530.69069448 579.26200670
797.91776833 502.54741551 735.70708000 880.05510094
815.06754543 430.34394093 1164.11655374 397.90033709
848.91214783 366.50752068 964.03915778 341.74196737
898.16934513 317.37927555 1078.87216220 1028.76794055
960.00000000 290.00000000 609.74300129 358.59633682
960.00000000 790.00000000 1164.62452595 997.03711086
919.22622457 758.84801579 1015.33468105 639.23611911
887.71975198 708.28044773 940.01770703 901.67997667
866.55376136 645.39712213 1191.24741197 413.08125557
855.97440085 575.83327907 813.70891167 511.77070800
855.97440085 504.16672093 909.95947592 521.43706588
866.55376136 434.60287787 917.79320018 470.92045822
887.71975198 371.71955227 941.45562638 556.92680180
919.22622457 321.15198421 1008.96842089 274.87815602
960.00000000 290.00000000 683.33896445 229.55122867
960.00000000 790.00000000 1215.50637653 647.49088884
943.80807925 756.78172877 525.24342425 354.95621412
931.50424963 705.48427870 1079.77705428 1426.98862984
923.33816067 643.14395883 971.91509339 720.09059843
919.28608963 574.98257398 690.07767437 752.18480999
919.28608963 505.01742602 1051.40285127 -11.36035408
923.33816067 436.85604117 923.38597104 509.53794152
931.50424963 374.51572130 748.50685305 180.40017111
943.80807925 323.21827123 1008.43150145 -237.26816561
960.00000000 290.00000000 911.27892283 90.88873468
960.00000000 790.00000000 959.27707939 982.02979302
969.74914357 756.54929273 1671.81083023 1447.83194072
977.14330288 705.17227083 1055.41681767 591.32786428
982.04418566 642.89389426 1077.32223427 848.30853662
984.47407396 574.88841270 982.75164969 597.10463750
984.47407396 505.11158730 1155.22645912 154.54694741
982.04418566 437.10610574 811.29516417 483.89248482
977.14330288 374.82772917 815.96345064 401.04493023
969.74914357 323.45070727 647.92787402 235.99118784
960.00000000 290.00000000 587.32413968 50.08703203
960.00000000 790.00000000 1121.95473446 283.20208539
994.87456244 758.16442852 859.19175622 894.55536895
1021.67377227 707.35088918 1073.62344657 625.85681601
1039.60507781 644.64565133 1185.99421918 447.85645248
1048.54596005 575.54909621 1391.34663526 664.57217358
1048.54596005 504.45090379 1000.58429742 842.85800531
1039.60507781 435.35434867 1125.88669741 658.82879109
1021.67377227 372.64911082 840.23605019 31.53466328
994.87456244 321.83557148 1012.67049699 339.51575745
960.00000000 290.00000000 1134.07237838 -25.25347468
960.00000000 790.00000000 770.08002867 365.44101241
1017.01405313 761.52923395 786.89386573 1140.23123057
1062.03557981 711.97016355 1047.74559771 890.64650890
1092.76734354 648.40408206 1395.37204572 659.97096118
1108.27730659 576.97502340 1247.30822612 453.08075021
1108.27730659 503.02497660 1264.52799684 311.63399589
1092.76734354 431.59591794 1153.84262452 315.47601379
1062.03557981 368.02983645 1054.61116924 614.71329767
1017.01405313 318.47076605 1106.99010829 489.81560570
960.00000000 290.00000000 711.35118036 211.88914629
4
1000 960 540
0.02854767 0.01625971 0.99946018
-0.09000149 0.99584836 -0.01363023
0.99553240 0.08956380 -0.02989255
0.86115504 1.35963723 199.98154736
960.00000000 790.00000000 1025.05024514 718.93434138
960.00000000 756.41830065 896.43486504 833.48823074
960.00000000 704.99665880 636.53711410 737.95505323
960.00000000 642.75326545 772.08077752 719.77355447
960.00000000 574.83548138 1119.82851315 707.79005646
960.00000000 505.16451862 950.97832191 561.13714556
960.00000000 437.24673455 1099.49321121 360.26358443
960.00000000 375.00334120 584.81856036 761.39068777
960.00000000 323.58169935 734.06477937 254.40981683
960.00000000 290.00000000 952.73759084 220.00754138
960.00000000 790.00000000 788.82547128 412.69749234
985.68614621 757.34592569 985.28272970 918.21293610
1005.29397252 706.24374104 779.18151225 682.06784604
1018.35070580 643.75377509 1009.00458288 546.37138142
1024.84232314 575.21241069 1333.57746119 386.43105631
1024.84232314 504.78758931 1198.44481203 145.29766006
1018.35070580 436.24622491 915.71346031 359.72927576
1005.29397252 373.75625896 1363.18029656 859.76386176
985.68614621 322.65407431 1324.04963787 83.89084061
960.00000000 290.00000000 901.49421995 92.97792926
960.00000000 790.00000000 888.14118441 872.30520071
1009.19858172 760.07358290 748.71307453 636.61018769
1047.59406380 709.95828654 1141.41656301 796.00015472
1073.57604009 646.75968759 1021.00989691 344.82010773
1086.61968480 576.34973073 1467.73813285 314.77991111
1086.61968480 503.65026927 1239.73503316 369.93598894
1073.57604009 433.24031241 788.41649408 240.05240020
1047.59406380 370.04171346 1283.43971883 198.60596057
1009.19858172 319.92641710 640.21139224 157.79155674
960.00000000 290.00000000 1071.93408357 425.16965852
960.00000000 790.00000000 776.24426994 742.05444508
1028.38385419 764.42739901 996.67699530 992.01173895
1083.66112784 716.03857440 1931.11723423 1691.06522107
1122.06096458 651.76503593 1011.91971717 859.85317536
1141.65094803 578.25996865 1214.03337266 183.15542937
1141.65094803 501.74003135 1775.55080716 939.78787376
1122.06096458 428.23496407 903.80653728 377.97669363
1083.66112784 363.96142560 1379.04345880 403.01923281
1028.38385419 315.57260099 1212.44083116 345.96350401
960.00000000 290.00000000 417.84707936 355.75645445
960.00000000 790.00000000 1023.29396505 943.35329411
1041.18452145 770.09343748 957.59274648 915.24969525
1109.86753203 724.24295514 1517.27450988 980.13103285
1159.28925622 658.69163829 1135.46798221 595.25264956
1185.06549061 580.93780435 1944.94632235 1067.13511228
1185.06549061 499.06219565 848.74125067 585.30411505
1159.28925622 421.30836171 1109.78061397 73.65989265
1109.86753203 355.75704486 1252.35105383 670.58810676
1041.18452145 309.90656252 711.90147612 694.17614748
960.00000000 290.00000000 1117.76650555 429.72977684
960.00000000 790.00000000 1564.98363171 1652.93314707
1045.81895613 776.59373168 1961.32187749 1645.33342191
1122.30182603 734.08668869 1427.51653606 530.39432744
1179.69478467 667.27555361 1253.10850222 655.35112819
1210.45304345 584.31298026 1360.20117723 397.72192188
1210.45304345 495.68701974 1019.45860043 808.70436979
1179.69478467 412.72444639 847.27772664 1072.28815220
1122.30182603 345.91331131 1031.05363382 -54.35378289
1045.81895613 303.40626832 948.70474452 470.35247958
960.00000000 290.00000000 770.08905181 232.32181153
960.00000000 790.00000000 844.65195601 833.39724750
1041.08837193 783.27905649 1086.50471840 606.61093493
1117.31693553 744.72645101 1248.78394433 366.93582719
1177.15678202 676.90672452 1058.31922841 558.25731242
1210.21053787 588.17662559 1024.24522808 507.65596736
1210.21053787 491.82337441 1025.68768675 -239.98315330
1177.15678202 403.09327548 2201.70024054 1503.34721063
1117.31693553 335.27354899 1129.57138313 135.12514692
1041.08837193 296.72094351 442.18816502 338.61840130
960.00000000 290.00000000 1030.14820626 676.92474803
960.00000000 790.00000000 903.91210174 614.21583864
1026.77511185 789.36407438 1180.53517496 810.87124392
1092.66771646 754.90021653 1139.83262346 1299.52079708
1146.65991852 686.47906999 1323.33283705 1375.43942436
1177.38520950 592.09954045 1555.57379780 0.56661405
1177.38520950 487.90045955 989.05573157 564.37150398
1146.65991852 393.52093001 1167.77839859 -36.45051238
1092.66771646 325.09978347 1701.31395389 -118.98145878
1026.77511185 290.63592562 1028.97874660 259.08661201
960.00000000 290.00000000 764.84027101 487.09055925
960.00000000 790.00000000 1179.35248011 507.59531071
1004.00505408 794.02574781 1702.42256176 956.77310721
1049.07165344 763.03192440 1253.94813925 525.89929316
1087.28151738 694.39945548 1522.15282632 715.84552116
1109.56398179 595.40983251 735.15702683 630.19307777
1109.56398179 484.59016749 1398.98701048 382.95086303
1087.28151738 385.60054452 986.25417411 600.33007893
1049.07165344 316.96807560 1322.85179081 -953.20662374
1004.00505408 285.97425219 1301.16111304 -84.30324866
960.00000000 290.00000000 1303.55228422 -73.07416991
960.00000000 790.00000000 807.24645937 375.80180895
975.36995041 796.56123709 829.86559563 812.84333711
991.43197202 767.58442735 909.53390800 697.12870121
1005.31239381 698.94278614 1274.51022380 758.04805678
1013.52068876 597.33567208 961.00311633 602.32514261
1013.52068876 482.66432792 2422.57116362 713.71251744
1005.31239381 381.05721386 327.43868694 571.44475800
991.43197202 312.41557265 1091.94158147 602.77501596
975.36995041 283.43876291 988.42330786 59.37031952
960.00000000 290.00000000 959.26703997 -160.20869435
960.00000000 790.00000000 826.89301003 671.04344952
944.63004959 796.56123709 909.39541569 876.77618654
928.56802798 767.58442735 1710.41448652 858.08035220
914.68760619 698.94278614 908.27519069 737.10609898
906.47931124 597.33567208 952.63966229 699.52166824
906.47931124 482.66432792 74.15808363 831.90493089
914.68760619 381.05721386 452.74450935 578.28372601
928.56802798 312.41557265 455.37913498 1220.15612001
944.63004959 283.43876291 1043.17028532 661.01152215
960.00000000 290.00000000 792.30890880 243.49539599
960.00000000 790.00000000 801.73845349 453.10606998
915.99494592 794.02574781 726.83355865 727.36167929
870.92834656 763.03192440 867.26875311 246.29007389
832.71848262 694.39945548 449.28007297 609.42125158
810.43601821 595.40983251 731.34540075 572.09641266
810.43601821 484.59016749 1095.55232892 1052.68134008
832.71848262 385.60054452 1083.89898179 619.12098974
870.92834656 316.96807560 1340.46891535 -218.94009685
915.99494592 285.97425219 1004.76904472 147.05302694
960.00000000 290.00000000 1419.23405494 36.24614609
960.00000000 790.00000000 1458.05069572 824.01756072
893.22488815 789.36407438 375.82801830 730.66174400
827.33228354 754.90021653 1335.77927358 953.75672036
773.34008148 686.47906999 957.88977994 793.80221262
742.61479050 592.09954045 1071.41649734 1269.62458430
742.61479050 487.90045955 536.84530982 555.53556506
773.34008148 393.52093001 569.26211308 355.52752325
827.33228354 325.09978347 517.70477021 28.50913031
893.22488815 290.63592562 489.94766974 16.32587667
960.00000000 290.00000000 1075.99073165 370.35879513
960.00000000 790.00000000 949.01181764 697.85388094
878.91162807 783.27905649 769.79911031 1418.90547735
802.68306447 744.72645101 843.17356872 823.62312468
742.84321798 676.90672452 1200.19491924 257.98172809
709.78946213 588.17662559 529.90217338 1055.50829882
709.78946213 491.82337441 938.74820600 322.61353465
742.84321798 403.09327548 856.80260503 695.83461798
802.68306447 335.27354899 801.32413676 285.67951225
878.91162807 296.72094351 1315.89471465 -530.89875924
960.00000000 290.00000000 1209.03460230 687.41447734
960.00000000 790.00000000 472.74086314 1192.72076045
874.18104387 776.59373168 963.56562511 935.31320261
797.69817397 734.08668869 820.86559297 428.28735443
740.30521533 667.27555361 609.04779570 503.48090572
709.54695655 584.31298026 406.18198711 632.83139779
709.54695655 495.68701974 698.86582244 949.67974604
740.30521533 412.72444639 879.96424257 370.75754668
797.69817397 345.91331131 733.25151925 300.64219965
874.18104387 303.40626832 1114.83799797 961.70560635
960.00000000 290.00000000 414.59806280 298.43868682
960.00000000 790.00000000 1105.45480689 914.81026127
878.81547855 770.09343748 777.87809319 619.35930031
810.13246797 724.24295514 860.54776249 900.53652522
760.71074378 658.69163829 1050.22853717 411.47275343
734.93450939 580.93780435 851.26772156 524.60249305
734.93450939 499.06219565 749.32881892 509.34147793
760.71074378 421.30836171 769.45056319 454.94385212
810.13246797 355.75704486 710.60266688 539.37747674
878.81547855 309.90656252 780.62342330 233.31992887
960.00000000 290.00000000 833.53853719 202.80436579
960.00000000 790.00000000 1207.94785629 626.96206849
891.61614581 764.42739901 452.48761918 309.68619792
836.33887216 716.03857440 1145.62500441 1269.10338428
797.93903542 651.76503593 674.55208675 707.63396021
778.34905197 578.25996865 239.44745047 821.04974000
778.34905197 501.74003135 1107.02351189 23.62856216
797.93903542 428.23496407 877.16482401 508.97125370
836.33887216 363.96142560 830.02476750 140.44115351
891.61614581 315.57260099 1012.66803153 -256.81113428
960.00000000 290.00000000 890.22831591 55.37696329
960.00000000 790.00000000 1117.49865325 954.84928705
910.80141828 760.07358290 1327.22933203 1080.80963376
872.40593620 709.95828654 774.01963814 563.06599432
846.42395991 646.75968759 963.16239923 813.18802142
833.38031520 576.34973073 750.28470710 579.21639717
833.38031520 503.65026927 1110.71003226 189.22974760
846.42395991 433.24031241 525.46862221 454.96899943
872.40593620 370.04171346 597.49666511 360.99418413
910.80141828 319.92641710 664.97209235 173.27377469
960.00000000 290.00000000 724.12212207 -69.09990613
960.00000000 790.00000000 1203.82031649 328.60191666
934.31385379 757.34592569 796.48665874 920.02827523
914.70602748 706.24374104 892.71770463 604.36069422
901.64929420 643.75377509 926.82383172 424.37665840
895.15767686 575.21241069 1242.30115956 620.27184565
895.15767686 504.78758931 721.34686893 828.85644095
901.64929420 436.24622491 1236.85584429 650.82218775
914.70602748 373.75625896 852.11206382 -30.29798506
934.31385379 322.65407431 758.52285330 299.57522952
960.00000000 290.00000000 1355.91432648 101.24030053
960.00000000 790.00000000 919.05657456 376.10876269
960.00000000 756.41830065 776.22276194 1199.21769529
960.00000000 704.99665880 985.77992090 857.82284749
960.00000000 642.75326545 1083.41826047 602.83783676
960.00000000 574.83548138 970.04903275 430.26693773
960.00000000 505.16451862 1138.68702623 334.53886728
960.00000000 437.24673455 1076.89436039 329.98019921
960.00000000 375.00334120 846.62590183 592.94258910
960.00000000 323.58169935 1206.24583541 509.38150068
960.00000000 290.00000000 835.96040883 180.89605782
